1
3000 3000
3000 1 1
2999 3000 2
2998 2999 3
2997 2998 4
2996 2997 5
2995 2996 6
2994 2995 7
2993 2994 8
2992 2993 9
2991 2992 10
2990 2991 11
2989 2990 12
2988 2989 13
2987 2988 14
2986 2987 15
2985 2986 16
2984 2985 17
2983 2984 18
2982 2983 19
2981 2982 20
2980 2981 21
2979 2980 22
2978 2979 23
2977 2978 24
2976 2977 25
2975 2976 26
2974 2975 27
2973 2974 28
2972 2973 29
2971 2972 30
2970 2971 31
2969 2970 32
2968 2969 33
2967 2968 34
2966 2967 35
2965 2966 36
2964 2965 37
2963 2964 38
2962 2963 39
2961 2962 40
2960 2961 41
2959 2960 42
2958 2959 43
2957 2958 44
2956 2957 45
2955 2956 46
2954 2955 47
2953 2954 48
2952 2953 49
2951 2952 50
2950 2951 51
2949 2950 52
2948 2949 53
2947 2948 54
2946 2947 55
2945 2946 56
2944 2945 57
2943 2944 58
2942 2943 59
2941 2942 60
2940 2941 61
2939 2940 62
2938 2939 63
2937 2938 64
2936 2937 65
2935 2936 66
2934 2935 67
2933 2934 68
2932 2933 69
2931 2932 70
2930 2931 71
2929 2930 72
2928 2929 73
2927 2928 74
2926 2927 75
2925 2926 76
2924 2925 77
2923 2924 78
2922 2923 79
2921 2922 80
2920 2921 81
2919 2920 82
2918 2919 83
2917 2918 84
2916 2917 85
2915 2916 86
2914 2915 87
2913 2914 88
2912 2913 89
2911 2912 90
2910 2911 91
2909 2910 92
2908 2909 93
2907 2908 94
2906 2907 95
2905 2906 96
2904 2905 97
2903 2904 98
2902 2903 99
2901 2902 100
2900 2901 101
2899 2900 102
2898 2899 103
2897 2898 104
2896 2897 105
2895 2896 106
2894 2895 107
2893 2894 108
2892 2893 109
2891 2892 110
2890 2891 111
2889 2890 112
2888 2889 113
2887 2888 114
2886 2887 115
2885 2886 116
2884 2885 117
2883 2884 118
2882 2883 119
2881 2882 120
2880 2881 121
2879 2880 122
2878 2879 123
2877 2878 124
2876 2877 125
2875 2876 126
2874 2875 127
2873 2874 128
2872 2873 129
2871 2872 130
2870 2871 131
2869 2870 132
2868 2869 133
2867 2868 134
2866 2867 135
2865 2866 136
2864 2865 137
2863 2864 138
2862 2863 139
2861 2862 140
2860 2861 141
2859 2860 142
2858 2859 143
2857 2858 144
2856 2857 145
2855 2856 146
2854 2855 147
2853 2854 148
2852 2853 149
2851 2852 150
2850 2851 151
2849 2850 152
2848 2849 153
2847 2848 154
2846 2847 155
2845 2846 156
2844 2845 157
2843 2844 158
2842 2843 159
2841 2842 160
2840 2841 161
2839 2840 162
2838 2839 163
2837 2838 164
2836 2837 165
2835 2836 166
2834 2835 167
2833 2834 168
2832 2833 169
2831 2832 170
2830 2831 171
2829 2830 172
2828 2829 173
2827 2828 174
2826 2827 175
2825 2826 176
2824 2825 177
2823 2824 178
2822 2823 179
2821 2822 180
2820 2821 181
2819 2820 182
2818 2819 183
2817 2818 184
2816 2817 185
2815 2816 186
2814 2815 187
2813 2814 188
2812 2813 189
2811 2812 190
2810 2811 191
2809 2810 192
2808 2809 193
2807 2808 194
2806 2807 195
2805 2806 196
2804 2805 197
2803 2804 198
2802 2803 199
2801 2802 200
2800 2801 201
2799 2800 202
2798 2799 203
2797 2798 204
2796 2797 205
2795 2796 206
2794 2795 207
2793 2794 208
2792 2793 209
2791 2792 210
2790 2791 211
2789 2790 212
2788 2789 213
2787 2788 214
2786 2787 215
2785 2786 216
2784 2785 217
2783 2784 218
2782 2783 219
2781 2782 220
2780 2781 221
2779 2780 222
2778 2779 223
2777 2778 224
2776 2777 225
2775 2776 226
2774 2775 227
2773 2774 228
2772 2773 229
2771 2772 230
2770 2771 231
2769 2770 232
2768 2769 233
2767 2768 234
2766 2767 235
2765 2766 236
2764 2765 237
2763 2764 238
2762 2763 239
2761 2762 240
2760 2761 241
2759 2760 242
2758 2759 243
2757 2758 244
2756 2757 245
2755 2756 246
2754 2755 247
2753 2754 248
2752 2753 249
2751 2752 250
2750 2751 251
2749 2750 252
2748 2749 253
2747 2748 254
2746 2747 255
2745 2746 256
2744 2745 257
2743 2744 258
2742 2743 259
2741 2742 260
2740 2741 261
2739 2740 262
2738 2739 263
2737 2738 264
2736 2737 265
2735 2736 266
2734 2735 267
2733 2734 268
2732 2733 269
2731 2732 270
2730 2731 271
2729 2730 272
2728 2729 273
2727 2728 274
2726 2727 275
2725 2726 276
2724 2725 277
2723 2724 278
2722 2723 279
2721 2722 280
2720 2721 281
2719 2720 282
2718 2719 283
2717 2718 284
2716 2717 285
2715 2716 286
2714 2715 287
2713 2714 288
2712 2713 289
2711 2712 290
2710 2711 291
2709 2710 292
2708 2709 293
2707 2708 294
2706 2707 295
2705 2706 296
2704 2705 297
2703 2704 298
2702 2703 299
2701 2702 300
2700 2701 301
2699 2700 302
2698 2699 303
2697 2698 304
2696 2697 305
2695 2696 306
2694 2695 307
2693 2694 308
2692 2693 309
2691 2692 310
2690 2691 311
2689 2690 312
2688 2689 313
2687 2688 314
2686 2687 315
2685 2686 316
2684 2685 317
2683 2684 318
2682 2683 319
2681 2682 320
2680 2681 321
2679 2680 322
2678 2679 323
2677 2678 324
2676 2677 325
2675 2676 326
2674 2675 327
2673 2674 328
2672 2673 329
2671 2672 330
2670 2671 331
2669 2670 332
2668 2669 333
2667 2668 334
2666 2667 335
2665 2666 336
2664 2665 337
2663 2664 338
2662 2663 339
2661 2662 340
2660 2661 341
2659 2660 342
2658 2659 343
2657 2658 344
2656 2657 345
2655 2656 346
2654 2655 347
2653 2654 348
2652 2653 349
2651 2652 350
2650 2651 351
2649 2650 352
2648 2649 353
2647 2648 354
2646 2647 355
2645 2646 356
2644 2645 357
2643 2644 358
2642 2643 359
2641 2642 360
2640 2641 361
2639 2640 362
2638 2639 363
2637 2638 364
2636 2637 365
2635 2636 366
2634 2635 367
2633 2634 368
2632 2633 369
2631 2632 370
2630 2631 371
2629 2630 372
2628 2629 373
2627 2628 374
2626 2627 375
2625 2626 376
2624 2625 377
2623 2624 378
2622 2623 379
2621 2622 380
2620 2621 381
2619 2620 382
2618 2619 383
2617 2618 384
2616 2617 385
2615 2616 386
2614 2615 387
2613 2614 388
2612 2613 389
2611 2612 390
2610 2611 391
2609 2610 392
2608 2609 393
2607 2608 394
2606 2607 395
2605 2606 396
2604 2605 397
2603 2604 398
2602 2603 399
2601 2602 400
2600 2601 401
2599 2600 402
2598 2599 403
2597 2598 404
2596 2597 405
2595 2596 406
2594 2595 407
2593 2594 408
2592 2593 409
2591 2592 410
2590 2591 411
2589 2590 412
2588 2589 413
2587 2588 414
2586 2587 415
2585 2586 416
2584 2585 417
2583 2584 418
2582 2583 419
2581 2582 420
2580 2581 421
2579 2580 422
2578 2579 423
2577 2578 424
2576 2577 425
2575 2576 426
2574 2575 427
2573 2574 428
2572 2573 429
2571 2572 430
2570 2571 431
2569 2570 432
2568 2569 433
2567 2568 434
2566 2567 435
2565 2566 436
2564 2565 437
2563 2564 438
2562 2563 439
2561 2562 440
2560 2561 441
2559 2560 442
2558 2559 443
2557 2558 444
2556 2557 445
2555 2556 446
2554 2555 447
2553 2554 448
2552 2553 449
2551 2552 450
2550 2551 451
2549 2550 452
2548 2549 453
2547 2548 454
2546 2547 455
2545 2546 456
2544 2545 457
2543 2544 458
2542 2543 459
2541 2542 460
2540 2541 461
2539 2540 462
2538 2539 463
2537 2538 464
2536 2537 465
2535 2536 466
2534 2535 467
2533 2534 468
2532 2533 469
2531 2532 470
2530 2531 471
2529 2530 472
2528 2529 473
2527 2528 474
2526 2527 475
2525 2526 476
2524 2525 477
2523 2524 478
2522 2523 479
2521 2522 480
2520 2521 481
2519 2520 482
2518 2519 483
2517 2518 484
2516 2517 485
2515 2516 486
2514 2515 487
2513 2514 488
2512 2513 489
2511 2512 490
2510 2511 491
2509 2510 492
2508 2509 493
2507 2508 494
2506 2507 495
2505 2506 496
2504 2505 497
2503 2504 498
2502 2503 499
2501 2502 500
2500 2501 501
2499 2500 502
2498 2499 503
2497 2498 504
2496 2497 505
2495 2496 506
2494 2495 507
2493 2494 508
2492 2493 509
2491 2492 510
2490 2491 511
2489 2490 512
2488 2489 513
2487 2488 514
2486 2487 515
2485 2486 516
2484 2485 517
2483 2484 518
2482 2483 519
2481 2482 520
2480 2481 521
2479 2480 522
2478 2479 523
2477 2478 524
2476 2477 525
2475 2476 526
2474 2475 527
2473 2474 528
2472 2473 529
2471 2472 530
2470 2471 531
2469 2470 532
2468 2469 533
2467 2468 534
2466 2467 535
2465 2466 536
2464 2465 537
2463 2464 538
2462 2463 539
2461 2462 540
2460 2461 541
2459 2460 542
2458 2459 543
2457 2458 544
2456 2457 545
2455 2456 546
2454 2455 547
2453 2454 548
2452 2453 549
2451 2452 550
2450 2451 551
2449 2450 552
2448 2449 553
2447 2448 554
2446 2447 555
2445 2446 556
2444 2445 557
2443 2444 558
2442 2443 559
2441 2442 560
2440 2441 561
2439 2440 562
2438 2439 563
2437 2438 564
2436 2437 565
2435 2436 566
2434 2435 567
2433 2434 568
2432 2433 569
2431 2432 570
2430 2431 571
2429 2430 572
2428 2429 573
2427 2428 574
2426 2427 575
2425 2426 576
2424 2425 577
2423 2424 578
2422 2423 579
2421 2422 580
2420 2421 581
2419 2420 582
2418 2419 583
2417 2418 584
2416 2417 585
2415 2416 586
2414 2415 587
2413 2414 588
2412 2413 589
2411 2412 590
2410 2411 591
2409 2410 592
2408 2409 593
2407 2408 594
2406 2407 595
2405 2406 596
2404 2405 597
2403 2404 598
2402 2403 599
2401 2402 600
2400 2401 601
2399 2400 602
2398 2399 603
2397 2398 604
2396 2397 605
2395 2396 606
2394 2395 607
2393 2394 608
2392 2393 609
2391 2392 610
2390 2391 611
2389 2390 612
2388 2389 613
2387 2388 614
2386 2387 615
2385 2386 616
2384 2385 617
2383 2384 618
2382 2383 619
2381 2382 620
2380 2381 621
2379 2380 622
2378 2379 623
2377 2378 624
2376 2377 625
2375 2376 626
2374 2375 627
2373 2374 628
2372 2373 629
2371 2372 630
2370 2371 631
2369 2370 632
2368 2369 633
2367 2368 634
2366 2367 635
2365 2366 636
2364 2365 637
2363 2364 638
2362 2363 639
2361 2362 640
2360 2361 641
2359 2360 642
2358 2359 643
2357 2358 644
2356 2357 645
2355 2356 646
2354 2355 647
2353 2354 648
2352 2353 649
2351 2352 650
2350 2351 651
2349 2350 652
2348 2349 653
2347 2348 654
2346 2347 655
2345 2346 656
2344 2345 657
2343 2344 658
2342 2343 659
2341 2342 660
2340 2341 661
2339 2340 662
2338 2339 663
2337 2338 664
2336 2337 665
2335 2336 666
2334 2335 667
2333 2334 668
2332 2333 669
2331 2332 670
2330 2331 671
2329 2330 672
2328 2329 673
2327 2328 674
2326 2327 675
2325 2326 676
2324 2325 677
2323 2324 678
2322 2323 679
2321 2322 680
2320 2321 681
2319 2320 682
2318 2319 683
2317 2318 684
2316 2317 685
2315 2316 686
2314 2315 687
2313 2314 688
2312 2313 689
2311 2312 690
2310 2311 691
2309 2310 692
2308 2309 693
2307 2308 694
2306 2307 695
2305 2306 696
2304 2305 697
2303 2304 698
2302 2303 699
2301 2302 700
2300 2301 701
2299 2300 702
2298 2299 703
2297 2298 704
2296 2297 705
2295 2296 706
2294 2295 707
2293 2294 708
2292 2293 709
2291 2292 710
2290 2291 711
2289 2290 712
2288 2289 713
2287 2288 714
2286 2287 715
2285 2286 716
2284 2285 717
2283 2284 718
2282 2283 719
2281 2282 720
2280 2281 721
2279 2280 722
2278 2279 723
2277 2278 724
2276 2277 725
2275 2276 726
2274 2275 727
2273 2274 728
2272 2273 729
2271 2272 730
2270 2271 731
2269 2270 732
2268 2269 733
2267 2268 734
2266 2267 735
2265 2266 736
2264 2265 737
2263 2264 738
2262 2263 739
2261 2262 740
2260 2261 741
2259 2260 742
2258 2259 743
2257 2258 744
2256 2257 745
2255 2256 746
2254 2255 747
2253 2254 748
2252 2253 749
2251 2252 750
2250 2251 751
2249 2250 752
2248 2249 753
2247 2248 754
2246 2247 755
2245 2246 756
2244 2245 757
2243 2244 758
2242 2243 759
2241 2242 760
2240 2241 761
2239 2240 762
2238 2239 763
2237 2238 764
2236 2237 765
2235 2236 766
2234 2235 767
2233 2234 768
2232 2233 769
2231 2232 770
2230 2231 771
2229 2230 772
2228 2229 773
2227 2228 774
2226 2227 775
2225 2226 776
2224 2225 777
2223 2224 778
2222 2223 779
2221 2222 780
2220 2221 781
2219 2220 782
2218 2219 783
2217 2218 784
2216 2217 785
2215 2216 786
2214 2215 787
2213 2214 788
2212 2213 789
2211 2212 790
2210 2211 791
2209 2210 792
2208 2209 793
2207 2208 794
2206 2207 795
2205 2206 796
2204 2205 797
2203 2204 798
2202 2203 799
2201 2202 800
2200 2201 801
2199 2200 802
2198 2199 803
2197 2198 804
2196 2197 805
2195 2196 806
2194 2195 807
2193 2194 808
2192 2193 809
2191 2192 810
2190 2191 811
2189 2190 812
2188 2189 813
2187 2188 814
2186 2187 815
2185 2186 816
2184 2185 817
2183 2184 818
2182 2183 819
2181 2182 820
2180 2181 821
2179 2180 822
2178 2179 823
2177 2178 824
2176 2177 825
2175 2176 826
2174 2175 827
2173 2174 828
2172 2173 829
2171 2172 830
2170 2171 831
2169 2170 832
2168 2169 833
2167 2168 834
2166 2167 835
2165 2166 836
2164 2165 837
2163 2164 838
2162 2163 839
2161 2162 840
2160 2161 841
2159 2160 842
2158 2159 843
2157 2158 844
2156 2157 845
2155 2156 846
2154 2155 847
2153 2154 848
2152 2153 849
2151 2152 850
2150 2151 851
2149 2150 852
2148 2149 853
2147 2148 854
2146 2147 855
2145 2146 856
2144 2145 857
2143 2144 858
2142 2143 859
2141 2142 860
2140 2141 861
2139 2140 862
2138 2139 863
2137 2138 864
2136 2137 865
2135 2136 866
2134 2135 867
2133 2134 868
2132 2133 869
2131 2132 870
2130 2131 871
2129 2130 872
2128 2129 873
2127 2128 874
2126 2127 875
2125 2126 876
2124 2125 877
2123 2124 878
2122 2123 879
2121 2122 880
2120 2121 881
2119 2120 882
2118 2119 883
2117 2118 884
2116 2117 885
2115 2116 886
2114 2115 887
2113 2114 888
2112 2113 889
2111 2112 890
2110 2111 891
2109 2110 892
2108 2109 893
2107 2108 894
2106 2107 895
2105 2106 896
2104 2105 897
2103 2104 898
2102 2103 899
2101 2102 900
2100 2101 901
2099 2100 902
2098 2099 903
2097 2098 904
2096 2097 905
2095 2096 906
2094 2095 907
2093 2094 908
2092 2093 909
2091 2092 910
2090 2091 911
2089 2090 912
2088 2089 913
2087 2088 914
2086 2087 915
2085 2086 916
2084 2085 917
2083 2084 918
2082 2083 919
2081 2082 920
2080 2081 921
2079 2080 922
2078 2079 923
2077 2078 924
2076 2077 925
2075 2076 926
2074 2075 927
2073 2074 928
2072 2073 929
2071 2072 930
2070 2071 931
2069 2070 932
2068 2069 933
2067 2068 934
2066 2067 935
2065 2066 936
2064 2065 937
2063 2064 938
2062 2063 939
2061 2062 940
2060 2061 941
2059 2060 942
2058 2059 943
2057 2058 944
2056 2057 945
2055 2056 946
2054 2055 947
2053 2054 948
2052 2053 949
2051 2052 950
2050 2051 951
2049 2050 952
2048 2049 953
2047 2048 954
2046 2047 955
2045 2046 956
2044 2045 957
2043 2044 958
2042 2043 959
2041 2042 960
2040 2041 961
2039 2040 962
2038 2039 963
2037 2038 964
2036 2037 965
2035 2036 966
2034 2035 967
2033 2034 968
2032 2033 969
2031 2032 970
2030 2031 971
2029 2030 972
2028 2029 973
2027 2028 974
2026 2027 975
2025 2026 976
2024 2025 977
2023 2024 978
2022 2023 979
2021 2022 980
2020 2021 981
2019 2020 982
2018 2019 983
2017 2018 984
2016 2017 985
2015 2016 986
2014 2015 987
2013 2014 988
2012 2013 989
2011 2012 990
2010 2011 991
2009 2010 992
2008 2009 993
2007 2008 994
2006 2007 995
2005 2006 996
2004 2005 997
2003 2004 998
2002 2003 999
2001 2002 1000
2000 2001 1001
1999 2000 1002
1998 1999 1003
1997 1998 1004
1996 1997 1005
1995 1996 1006
1994 1995 1007
1993 1994 1008
1992 1993 1009
1991 1992 1010
1990 1991 1011
1989 1990 1012
1988 1989 1013
1987 1988 1014
1986 1987 1015
1985 1986 1016
1984 1985 1017
1983 1984 1018
1982 1983 1019
1981 1982 1020
1980 1981 1021
1979 1980 1022
1978 1979 1023
1977 1978 1024
1976 1977 1025
1975 1976 1026
1974 1975 1027
1973 1974 1028
1972 1973 1029
1971 1972 1030
1970 1971 1031
1969 1970 1032
1968 1969 1033
1967 1968 1034
1966 1967 1035
1965 1966 1036
1964 1965 1037
1963 1964 1038
1962 1963 1039
1961 1962 1040
1960 1961 1041
1959 1960 1042
1958 1959 1043
1957 1958 1044
1956 1957 1045
1955 1956 1046
1954 1955 1047
1953 1954 1048
1952 1953 1049
1951 1952 1050
1950 1951 1051
1949 1950 1052
1948 1949 1053
1947 1948 1054
1946 1947 1055
1945 1946 1056
1944 1945 1057
1943 1944 1058
1942 1943 1059
1941 1942 1060
1940 1941 1061
1939 1940 1062
1938 1939 1063
1937 1938 1064
1936 1937 1065
1935 1936 1066
1934 1935 1067
1933 1934 1068
1932 1933 1069
1931 1932 1070
1930 1931 1071
1929 1930 1072
1928 1929 1073
1927 1928 1074
1926 1927 1075
1925 1926 1076
1924 1925 1077
1923 1924 1078
1922 1923 1079
1921 1922 1080
1920 1921 1081
1919 1920 1082
1918 1919 1083
1917 1918 1084
1916 1917 1085
1915 1916 1086
1914 1915 1087
1913 1914 1088
1912 1913 1089
1911 1912 1090
1910 1911 1091
1909 1910 1092
1908 1909 1093
1907 1908 1094
1906 1907 1095
1905 1906 1096
1904 1905 1097
1903 1904 1098
1902 1903 1099
1901 1902 1100
1900 1901 1101
1899 1900 1102
1898 1899 1103
1897 1898 1104
1896 1897 1105
1895 1896 1106
1894 1895 1107
1893 1894 1108
1892 1893 1109
1891 1892 1110
1890 1891 1111
1889 1890 1112
1888 1889 1113
1887 1888 1114
1886 1887 1115
1885 1886 1116
1884 1885 1117
1883 1884 1118
1882 1883 1119
1881 1882 1120
1880 1881 1121
1879 1880 1122
1878 1879 1123
1877 1878 1124
1876 1877 1125
1875 1876 1126
1874 1875 1127
1873 1874 1128
1872 1873 1129
1871 1872 1130
1870 1871 1131
1869 1870 1132
1868 1869 1133
1867 1868 1134
1866 1867 1135
1865 1866 1136
1864 1865 1137
1863 1864 1138
1862 1863 1139
1861 1862 1140
1860 1861 1141
1859 1860 1142
1858 1859 1143
1857 1858 1144
1856 1857 1145
1855 1856 1146
1854 1855 1147
1853 1854 1148
1852 1853 1149
1851 1852 1150
1850 1851 1151
1849 1850 1152
1848 1849 1153
1847 1848 1154
1846 1847 1155
1845 1846 1156
1844 1845 1157
1843 1844 1158
1842 1843 1159
1841 1842 1160
1840 1841 1161
1839 1840 1162
1838 1839 1163
1837 1838 1164
1836 1837 1165
1835 1836 1166
1834 1835 1167
1833 1834 1168
1832 1833 1169
1831 1832 1170
1830 1831 1171
1829 1830 1172
1828 1829 1173
1827 1828 1174
1826 1827 1175
1825 1826 1176
1824 1825 1177
1823 1824 1178
1822 1823 1179
1821 1822 1180
1820 1821 1181
1819 1820 1182
1818 1819 1183
1817 1818 1184
1816 1817 1185
1815 1816 1186
1814 1815 1187
1813 1814 1188
1812 1813 1189
1811 1812 1190
1810 1811 1191
1809 1810 1192
1808 1809 1193
1807 1808 1194
1806 1807 1195
1805 1806 1196
1804 1805 1197
1803 1804 1198
1802 1803 1199
1801 1802 1200
1800 1801 1201
1799 1800 1202
1798 1799 1203
1797 1798 1204
1796 1797 1205
1795 1796 1206
1794 1795 1207
1793 1794 1208
1792 1793 1209
1791 1792 1210
1790 1791 1211
1789 1790 1212
1788 1789 1213
1787 1788 1214
1786 1787 1215
1785 1786 1216
1784 1785 1217
1783 1784 1218
1782 1783 1219
1781 1782 1220
1780 1781 1221
1779 1780 1222
1778 1779 1223
1777 1778 1224
1776 1777 1225
1775 1776 1226
1774 1775 1227
1773 1774 1228
1772 1773 1229
1771 1772 1230
1770 1771 1231
1769 1770 1232
1768 1769 1233
1767 1768 1234
1766 1767 1235
1765 1766 1236
1764 1765 1237
1763 1764 1238
1762 1763 1239
1761 1762 1240
1760 1761 1241
1759 1760 1242
1758 1759 1243
1757 1758 1244
1756 1757 1245
1755 1756 1246
1754 1755 1247
1753 1754 1248
1752 1753 1249
1751 1752 1250
1750 1751 1251
1749 1750 1252
1748 1749 1253
1747 1748 1254
1746 1747 1255
1745 1746 1256
1744 1745 1257
1743 1744 1258
1742 1743 1259
1741 1742 1260
1740 1741 1261
1739 1740 1262
1738 1739 1263
1737 1738 1264
1736 1737 1265
1735 1736 1266
1734 1735 1267
1733 1734 1268
1732 1733 1269
1731 1732 1270
1730 1731 1271
1729 1730 1272
1728 1729 1273
1727 1728 1274
1726 1727 1275
1725 1726 1276
1724 1725 1277
1723 1724 1278
1722 1723 1279
1721 1722 1280
1720 1721 1281
1719 1720 1282
1718 1719 1283
1717 1718 1284
1716 1717 1285
1715 1716 1286
1714 1715 1287
1713 1714 1288
1712 1713 1289
1711 1712 1290
1710 1711 1291
1709 1710 1292
1708 1709 1293
1707 1708 1294
1706 1707 1295
1705 1706 1296
1704 1705 1297
1703 1704 1298
1702 1703 1299
1701 1702 1300
1700 1701 1301
1699 1700 1302
1698 1699 1303
1697 1698 1304
1696 1697 1305
1695 1696 1306
1694 1695 1307
1693 1694 1308
1692 1693 1309
1691 1692 1310
1690 1691 1311
1689 1690 1312
1688 1689 1313
1687 1688 1314
1686 1687 1315
1685 1686 1316
1684 1685 1317
1683 1684 1318
1682 1683 1319
1681 1682 1320
1680 1681 1321
1679 1680 1322
1678 1679 1323
1677 1678 1324
1676 1677 1325
1675 1676 1326
1674 1675 1327
1673 1674 1328
1672 1673 1329
1671 1672 1330
1670 1671 1331
1669 1670 1332
1668 1669 1333
1667 1668 1334
1666 1667 1335
1665 1666 1336
1664 1665 1337
1663 1664 1338
1662 1663 1339
1661 1662 1340
1660 1661 1341
1659 1660 1342
1658 1659 1343
1657 1658 1344
1656 1657 1345
1655 1656 1346
1654 1655 1347
1653 1654 1348
1652 1653 1349
1651 1652 1350
1650 1651 1351
1649 1650 1352
1648 1649 1353
1647 1648 1354
1646 1647 1355
1645 1646 1356
1644 1645 1357
1643 1644 1358
1642 1643 1359
1641 1642 1360
1640 1641 1361
1639 1640 1362
1638 1639 1363
1637 1638 1364
1636 1637 1365
1635 1636 1366
1634 1635 1367
1633 1634 1368
1632 1633 1369
1631 1632 1370
1630 1631 1371
1629 1630 1372
1628 1629 1373
1627 1628 1374
1626 1627 1375
1625 1626 1376
1624 1625 1377
1623 1624 1378
1622 1623 1379
1621 1622 1380
1620 1621 1381
1619 1620 1382
1618 1619 1383
1617 1618 1384
1616 1617 1385
1615 1616 1386
1614 1615 1387
1613 1614 1388
1612 1613 1389
1611 1612 1390
1610 1611 1391
1609 1610 1392
1608 1609 1393
1607 1608 1394
1606 1607 1395
1605 1606 1396
1604 1605 1397
1603 1604 1398
1602 1603 1399
1601 1602 1400
1600 1601 1401
1599 1600 1402
1598 1599 1403
1597 1598 1404
1596 1597 1405
1595 1596 1406
1594 1595 1407
1593 1594 1408
1592 1593 1409
1591 1592 1410
1590 1591 1411
1589 1590 1412
1588 1589 1413
1587 1588 1414
1586 1587 1415
1585 1586 1416
1584 1585 1417
1583 1584 1418
1582 1583 1419
1581 1582 1420
1580 1581 1421
1579 1580 1422
1578 1579 1423
1577 1578 1424
1576 1577 1425
1575 1576 1426
1574 1575 1427
1573 1574 1428
1572 1573 1429
1571 1572 1430
1570 1571 1431
1569 1570 1432
1568 1569 1433
1567 1568 1434
1566 1567 1435
1565 1566 1436
1564 1565 1437
1563 1564 1438
1562 1563 1439
1561 1562 1440
1560 1561 1441
1559 1560 1442
1558 1559 1443
1557 1558 1444
1556 1557 1445
1555 1556 1446
1554 1555 1447
1553 1554 1448
1552 1553 1449
1551 1552 1450
1550 1551 1451
1549 1550 1452
1548 1549 1453
1547 1548 1454
1546 1547 1455
1545 1546 1456
1544 1545 1457
1543 1544 1458
1542 1543 1459
1541 1542 1460
1540 1541 1461
1539 1540 1462
1538 1539 1463
1537 1538 1464
1536 1537 1465
1535 1536 1466
1534 1535 1467
1533 1534 1468
1532 1533 1469
1531 1532 1470
1530 1531 1471
1529 1530 1472
1528 1529 1473
1527 1528 1474
1526 1527 1475
1525 1526 1476
1524 1525 1477
1523 1524 1478
1522 1523 1479
1521 1522 1480
1520 1521 1481
1519 1520 1482
1518 1519 1483
1517 1518 1484
1516 1517 1485
1515 1516 1486
1514 1515 1487
1513 1514 1488
1512 1513 1489
1511 1512 1490
1510 1511 1491
1509 1510 1492
1508 1509 1493
1507 1508 1494
1506 1507 1495
1505 1506 1496
1504 1505 1497
1503 1504 1498
1502 1503 1499
1501 1502 1500
1500 1501 1501
1499 1500 1502
1498 1499 1503
1497 1498 1504
1496 1497 1505
1495 1496 1506
1494 1495 1507
1493 1494 1508
1492 1493 1509
1491 1492 1510
1490 1491 1511
1489 1490 1512
1488 1489 1513
1487 1488 1514
1486 1487 1515
1485 1486 1516
1484 1485 1517
1483 1484 1518
1482 1483 1519
1481 1482 1520
1480 1481 1521
1479 1480 1522
1478 1479 1523
1477 1478 1524
1476 1477 1525
1475 1476 1526
1474 1475 1527
1473 1474 1528
1472 1473 1529
1471 1472 1530
1470 1471 1531
1469 1470 1532
1468 1469 1533
1467 1468 1534
1466 1467 1535
1465 1466 1536
1464 1465 1537
1463 1464 1538
1462 1463 1539
1461 1462 1540
1460 1461 1541
1459 1460 1542
1458 1459 1543
1457 1458 1544
1456 1457 1545
1455 1456 1546
1454 1455 1547
1453 1454 1548
1452 1453 1549
1451 1452 1550
1450 1451 1551
1449 1450 1552
1448 1449 1553
1447 1448 1554
1446 1447 1555
1445 1446 1556
1444 1445 1557
1443 1444 1558
1442 1443 1559
1441 1442 1560
1440 1441 1561
1439 1440 1562
1438 1439 1563
1437 1438 1564
1436 1437 1565
1435 1436 1566
1434 1435 1567
1433 1434 1568
1432 1433 1569
1431 1432 1570
1430 1431 1571
1429 1430 1572
1428 1429 1573
1427 1428 1574
1426 1427 1575
1425 1426 1576
1424 1425 1577
1423 1424 1578
1422 1423 1579
1421 1422 1580
1420 1421 1581
1419 1420 1582
1418 1419 1583
1417 1418 1584
1416 1417 1585
1415 1416 1586
1414 1415 1587
1413 1414 1588
1412 1413 1589
1411 1412 1590
1410 1411 1591
1409 1410 1592
1408 1409 1593
1407 1408 1594
1406 1407 1595
1405 1406 1596
1404 1405 1597
1403 1404 1598
1402 1403 1599
1401 1402 1600
1400 1401 1601
1399 1400 1602
1398 1399 1603
1397 1398 1604
1396 1397 1605
1395 1396 1606
1394 1395 1607
1393 1394 1608
1392 1393 1609
1391 1392 1610
1390 1391 1611
1389 1390 1612
1388 1389 1613
1387 1388 1614
1386 1387 1615
1385 1386 1616
1384 1385 1617
1383 1384 1618
1382 1383 1619
1381 1382 1620
1380 1381 1621
1379 1380 1622
1378 1379 1623
1377 1378 1624
1376 1377 1625
1375 1376 1626
1374 1375 1627
1373 1374 1628
1372 1373 1629
1371 1372 1630
1370 1371 1631
1369 1370 1632
1368 1369 1633
1367 1368 1634
1366 1367 1635
1365 1366 1636
1364 1365 1637
1363 1364 1638
1362 1363 1639
1361 1362 1640
1360 1361 1641
1359 1360 1642
1358 1359 1643
1357 1358 1644
1356 1357 1645
1355 1356 1646
1354 1355 1647
1353 1354 1648
1352 1353 1649
1351 1352 1650
1350 1351 1651
1349 1350 1652
1348 1349 1653
1347 1348 1654
1346 1347 1655
1345 1346 1656
1344 1345 1657
1343 1344 1658
1342 1343 1659
1341 1342 1660
1340 1341 1661
1339 1340 1662
1338 1339 1663
1337 1338 1664
1336 1337 1665
1335 1336 1666
1334 1335 1667
1333 1334 1668
1332 1333 1669
1331 1332 1670
1330 1331 1671
1329 1330 1672
1328 1329 1673
1327 1328 1674
1326 1327 1675
1325 1326 1676
1324 1325 1677
1323 1324 1678
1322 1323 1679
1321 1322 1680
1320 1321 1681
1319 1320 1682
1318 1319 1683
1317 1318 1684
1316 1317 1685
1315 1316 1686
1314 1315 1687
1313 1314 1688
1312 1313 1689
1311 1312 1690
1310 1311 1691
1309 1310 1692
1308 1309 1693
1307 1308 1694
1306 1307 1695
1305 1306 1696
1304 1305 1697
1303 1304 1698
1302 1303 1699
1301 1302 1700
1300 1301 1701
1299 1300 1702
1298 1299 1703
1297 1298 1704
1296 1297 1705
1295 1296 1706
1294 1295 1707
1293 1294 1708
1292 1293 1709
1291 1292 1710
1290 1291 1711
1289 1290 1712
1288 1289 1713
1287 1288 1714
1286 1287 1715
1285 1286 1716
1284 1285 1717
1283 1284 1718
1282 1283 1719
1281 1282 1720
1280 1281 1721
1279 1280 1722
1278 1279 1723
1277 1278 1724
1276 1277 1725
1275 1276 1726
1274 1275 1727
1273 1274 1728
1272 1273 1729
1271 1272 1730
1270 1271 1731
1269 1270 1732
1268 1269 1733
1267 1268 1734
1266 1267 1735
1265 1266 1736
1264 1265 1737
1263 1264 1738
1262 1263 1739
1261 1262 1740
1260 1261 1741
1259 1260 1742
1258 1259 1743
1257 1258 1744
1256 1257 1745
1255 1256 1746
1254 1255 1747
1253 1254 1748
1252 1253 1749
1251 1252 1750
1250 1251 1751
1249 1250 1752
1248 1249 1753
1247 1248 1754
1246 1247 1755
1245 1246 1756
1244 1245 1757
1243 1244 1758
1242 1243 1759
1241 1242 1760
1240 1241 1761
1239 1240 1762
1238 1239 1763
1237 1238 1764
1236 1237 1765
1235 1236 1766
1234 1235 1767
1233 1234 1768
1232 1233 1769
1231 1232 1770
1230 1231 1771
1229 1230 1772
1228 1229 1773
1227 1228 1774
1226 1227 1775
1225 1226 1776
1224 1225 1777
1223 1224 1778
1222 1223 1779
1221 1222 1780
1220 1221 1781
1219 1220 1782
1218 1219 1783
1217 1218 1784
1216 1217 1785
1215 1216 1786
1214 1215 1787
1213 1214 1788
1212 1213 1789
1211 1212 1790
1210 1211 1791
1209 1210 1792
1208 1209 1793
1207 1208 1794
1206 1207 1795
1205 1206 1796
1204 1205 1797
1203 1204 1798
1202 1203 1799
1201 1202 1800
1200 1201 1801
1199 1200 1802
1198 1199 1803
1197 1198 1804
1196 1197 1805
1195 1196 1806
1194 1195 1807
1193 1194 1808
1192 1193 1809
1191 1192 1810
1190 1191 1811
1189 1190 1812
1188 1189 1813
1187 1188 1814
1186 1187 1815
1185 1186 1816
1184 1185 1817
1183 1184 1818
1182 1183 1819
1181 1182 1820
1180 1181 1821
1179 1180 1822
1178 1179 1823
1177 1178 1824
1176 1177 1825
1175 1176 1826
1174 1175 1827
1173 1174 1828
1172 1173 1829
1171 1172 1830
1170 1171 1831
1169 1170 1832
1168 1169 1833
1167 1168 1834
1166 1167 1835
1165 1166 1836
1164 1165 1837
1163 1164 1838
1162 1163 1839
1161 1162 1840
1160 1161 1841
1159 1160 1842
1158 1159 1843
1157 1158 1844
1156 1157 1845
1155 1156 1846
1154 1155 1847
1153 1154 1848
1152 1153 1849
1151 1152 1850
1150 1151 1851
1149 1150 1852
1148 1149 1853
1147 1148 1854
1146 1147 1855
1145 1146 1856
1144 1145 1857
1143 1144 1858
1142 1143 1859
1141 1142 1860
1140 1141 1861
1139 1140 1862
1138 1139 1863
1137 1138 1864
1136 1137 1865
1135 1136 1866
1134 1135 1867
1133 1134 1868
1132 1133 1869
1131 1132 1870
1130 1131 1871
1129 1130 1872
1128 1129 1873
1127 1128 1874
1126 1127 1875
1125 1126 1876
1124 1125 1877
1123 1124 1878
1122 1123 1879
1121 1122 1880
1120 1121 1881
1119 1120 1882
1118 1119 1883
1117 1118 1884
1116 1117 1885
1115 1116 1886
1114 1115 1887
1113 1114 1888
1112 1113 1889
1111 1112 1890
1110 1111 1891
1109 1110 1892
1108 1109 1893
1107 1108 1894
1106 1107 1895
1105 1106 1896
1104 1105 1897
1103 1104 1898
1102 1103 1899
1101 1102 1900
1100 1101 1901
1099 1100 1902
1098 1099 1903
1097 1098 1904
1096 1097 1905
1095 1096 1906
1094 1095 1907
1093 1094 1908
1092 1093 1909
1091 1092 1910
1090 1091 1911
1089 1090 1912
1088 1089 1913
1087 1088 1914
1086 1087 1915
1085 1086 1916
1084 1085 1917
1083 1084 1918
1082 1083 1919
1081 1082 1920
1080 1081 1921
1079 1080 1922
1078 1079 1923
1077 1078 1924
1076 1077 1925
1075 1076 1926
1074 1075 1927
1073 1074 1928
1072 1073 1929
1071 1072 1930
1070 1071 1931
1069 1070 1932
1068 1069 1933
1067 1068 1934
1066 1067 1935
1065 1066 1936
1064 1065 1937
1063 1064 1938
1062 1063 1939
1061 1062 1940
1060 1061 1941
1059 1060 1942
1058 1059 1943
1057 1058 1944
1056 1057 1945
1055 1056 1946
1054 1055 1947
1053 1054 1948
1052 1053 1949
1051 1052 1950
1050 1051 1951
1049 1050 1952
1048 1049 1953
1047 1048 1954
1046 1047 1955
1045 1046 1956
1044 1045 1957
1043 1044 1958
1042 1043 1959
1041 1042 1960
1040 1041 1961
1039 1040 1962
1038 1039 1963
1037 1038 1964
1036 1037 1965
1035 1036 1966
1034 1035 1967
1033 1034 1968
1032 1033 1969
1031 1032 1970
1030 1031 1971
1029 1030 1972
1028 1029 1973
1027 1028 1974
1026 1027 1975
1025 1026 1976
1024 1025 1977
1023 1024 1978
1022 1023 1979
1021 1022 1980
1020 1021 1981
1019 1020 1982
1018 1019 1983
1017 1018 1984
1016 1017 1985
1015 1016 1986
1014 1015 1987
1013 1014 1988
1012 1013 1989
1011 1012 1990
1010 1011 1991
1009 1010 1992
1008 1009 1993
1007 1008 1994
1006 1007 1995
1005 1006 1996
1004 1005 1997
1003 1004 1998
1002 1003 1999
1001 1002 2000
1000 1001 2001
999 1000 2002
998 999 2003
997 998 2004
996 997 2005
995 996 2006
994 995 2007
993 994 2008
992 993 2009
991 992 2010
990 991 2011
989 990 2012
988 989 2013
987 988 2014
986 987 2015
985 986 2016
984 985 2017
983 984 2018
982 983 2019
981 982 2020
980 981 2021
979 980 2022
978 979 2023
977 978 2024
976 977 2025
975 976 2026
974 975 2027
973 974 2028
972 973 2029
971 972 2030
970 971 2031
969 970 2032
968 969 2033
967 968 2034
966 967 2035
965 966 2036
964 965 2037
963 964 2038
962 963 2039
961 962 2040
960 961 2041
959 960 2042
958 959 2043
957 958 2044
956 957 2045
955 956 2046
954 955 2047
953 954 2048
952 953 2049
951 952 2050
950 951 2051
949 950 2052
948 949 2053
947 948 2054
946 947 2055
945 946 2056
944 945 2057
943 944 2058
942 943 2059
941 942 2060
940 941 2061
939 940 2062
938 939 2063
937 938 2064
936 937 2065
935 936 2066
934 935 2067
933 934 2068
932 933 2069
931 932 2070
930 931 2071
929 930 2072
928 929 2073
927 928 2074
926 927 2075
925 926 2076
924 925 2077
923 924 2078
922 923 2079
921 922 2080
920 921 2081
919 920 2082
918 919 2083
917 918 2084
916 917 2085
915 916 2086
914 915 2087
913 914 2088
912 913 2089
911 912 2090
910 911 2091
909 910 2092
908 909 2093
907 908 2094
906 907 2095
905 906 2096
904 905 2097
903 904 2098
902 903 2099
901 902 2100
900 901 2101
899 900 2102
898 899 2103
897 898 2104
896 897 2105
895 896 2106
894 895 2107
893 894 2108
892 893 2109
891 892 2110
890 891 2111
889 890 2112
888 889 2113
887 888 2114
886 887 2115
885 886 2116
884 885 2117
883 884 2118
882 883 2119
881 882 2120
880 881 2121
879 880 2122
878 879 2123
877 878 2124
876 877 2125
875 876 2126
874 875 2127
873 874 2128
872 873 2129
871 872 2130
870 871 2131
869 870 2132
868 869 2133
867 868 2134
866 867 2135
865 866 2136
864 865 2137
863 864 2138
862 863 2139
861 862 2140
860 861 2141
859 860 2142
858 859 2143
857 858 2144
856 857 2145
855 856 2146
854 855 2147
853 854 2148
852 853 2149
851 852 2150
850 851 2151
849 850 2152
848 849 2153
847 848 2154
846 847 2155
845 846 2156
844 845 2157
843 844 2158
842 843 2159
841 842 2160
840 841 2161
839 840 2162
838 839 2163
837 838 2164
836 837 2165
835 836 2166
834 835 2167
833 834 2168
832 833 2169
831 832 2170
830 831 2171
829 830 2172
828 829 2173
827 828 2174
826 827 2175
825 826 2176
824 825 2177
823 824 2178
822 823 2179
821 822 2180
820 821 2181
819 820 2182
818 819 2183
817 818 2184
816 817 2185
815 816 2186
814 815 2187
813 814 2188
812 813 2189
811 812 2190
810 811 2191
809 810 2192
808 809 2193
807 808 2194
806 807 2195
805 806 2196
804 805 2197
803 804 2198
802 803 2199
801 802 2200
800 801 2201
799 800 2202
798 799 2203
797 798 2204
796 797 2205
795 796 2206
794 795 2207
793 794 2208
792 793 2209
791 792 2210
790 791 2211
789 790 2212
788 789 2213
787 788 2214
786 787 2215
785 786 2216
784 785 2217
783 784 2218
782 783 2219
781 782 2220
780 781 2221
779 780 2222
778 779 2223
777 778 2224
776 777 2225
775 776 2226
774 775 2227
773 774 2228
772 773 2229
771 772 2230
770 771 2231
769 770 2232
768 769 2233
767 768 2234
766 767 2235
765 766 2236
764 765 2237
763 764 2238
762 763 2239
761 762 2240
760 761 2241
759 760 2242
758 759 2243
757 758 2244
756 757 2245
755 756 2246
754 755 2247
753 754 2248
752 753 2249
751 752 2250
750 751 2251
749 750 2252
748 749 2253
747 748 2254
746 747 2255
745 746 2256
744 745 2257
743 744 2258
742 743 2259
741 742 2260
740 741 2261
739 740 2262
738 739 2263
737 738 2264
736 737 2265
735 736 2266
734 735 2267
733 734 2268
732 733 2269
731 732 2270
730 731 2271
729 730 2272
728 729 2273
727 728 2274
726 727 2275
725 726 2276
724 725 2277
723 724 2278
722 723 2279
721 722 2280
720 721 2281
719 720 2282
718 719 2283
717 718 2284
716 717 2285
715 716 2286
714 715 2287
713 714 2288
712 713 2289
711 712 2290
710 711 2291
709 710 2292
708 709 2293
707 708 2294
706 707 2295
705 706 2296
704 705 2297
703 704 2298
702 703 2299
701 702 2300
700 701 2301
699 700 2302
698 699 2303
697 698 2304
696 697 2305
695 696 2306
694 695 2307
693 694 2308
692 693 2309
691 692 2310
690 691 2311
689 690 2312
688 689 2313
687 688 2314
686 687 2315
685 686 2316
684 685 2317
683 684 2318
682 683 2319
681 682 2320
680 681 2321
679 680 2322
678 679 2323
677 678 2324
676 677 2325
675 676 2326
674 675 2327
673 674 2328
672 673 2329
671 672 2330
670 671 2331
669 670 2332
668 669 2333
667 668 2334
666 667 2335
665 666 2336
664 665 2337
663 664 2338
662 663 2339
661 662 2340
660 661 2341
659 660 2342
658 659 2343
657 658 2344
656 657 2345
655 656 2346
654 655 2347
653 654 2348
652 653 2349
651 652 2350
650 651 2351
649 650 2352
648 649 2353
647 648 2354
646 647 2355
645 646 2356
644 645 2357
643 644 2358
642 643 2359
641 642 2360
640 641 2361
639 640 2362
638 639 2363
637 638 2364
636 637 2365
635 636 2366
634 635 2367
633 634 2368
632 633 2369
631 632 2370
630 631 2371
629 630 2372
628 629 2373
627 628 2374
626 627 2375
625 626 2376
624 625 2377
623 624 2378
622 623 2379
621 622 2380
620 621 2381
619 620 2382
618 619 2383
617 618 2384
616 617 2385
615 616 2386
614 615 2387
613 614 2388
612 613 2389
611 612 2390
610 611 2391
609 610 2392
608 609 2393
607 608 2394
606 607 2395
605 606 2396
604 605 2397
603 604 2398
602 603 2399
601 602 2400
600 601 2401
599 600 2402
598 599 2403
597 598 2404
596 597 2405
595 596 2406
594 595 2407
593 594 2408
592 593 2409
591 592 2410
590 591 2411
589 590 2412
588 589 2413
587 588 2414
586 587 2415
585 586 2416
584 585 2417
583 584 2418
582 583 2419
581 582 2420
580 581 2421
579 580 2422
578 579 2423
577 578 2424
576 577 2425
575 576 2426
574 575 2427
573 574 2428
572 573 2429
571 572 2430
570 571 2431
569 570 2432
568 569 2433
567 568 2434
566 567 2435
565 566 2436
564 565 2437
563 564 2438
562 563 2439
561 562 2440
560 561 2441
559 560 2442
558 559 2443
557 558 2444
556 557 2445
555 556 2446
554 555 2447
553 554 2448
552 553 2449
551 552 2450
550 551 2451
549 550 2452
548 549 2453
547 548 2454
546 547 2455
545 546 2456
544 545 2457
543 544 2458
542 543 2459
541 542 2460
540 541 2461
539 540 2462
538 539 2463
537 538 2464
536 537 2465
535 536 2466
534 535 2467
533 534 2468
532 533 2469
531 532 2470
530 531 2471
529 530 2472
528 529 2473
527 528 2474
526 527 2475
525 526 2476
524 525 2477
523 524 2478
522 523 2479
521 522 2480
520 521 2481
519 520 2482
518 519 2483
517 518 2484
516 517 2485
515 516 2486
514 515 2487
513 514 2488
512 513 2489
511 512 2490
510 511 2491
509 510 2492
508 509 2493
507 508 2494
506 507 2495
505 506 2496
504 505 2497
503 504 2498
502 503 2499
501 502 2500
500 501 2501
499 500 2502
498 499 2503
497 498 2504
496 497 2505
495 496 2506
494 495 2507
493 494 2508
492 493 2509
491 492 2510
490 491 2511
489 490 2512
488 489 2513
487 488 2514
486 487 2515
485 486 2516
484 485 2517
483 484 2518
482 483 2519
481 482 2520
480 481 2521
479 480 2522
478 479 2523
477 478 2524
476 477 2525
475 476 2526
474 475 2527
473 474 2528
472 473 2529
471 472 2530
470 471 2531
469 470 2532
468 469 2533
467 468 2534
466 467 2535
465 466 2536
464 465 2537
463 464 2538
462 463 2539
461 462 2540
460 461 2541
459 460 2542
458 459 2543
457 458 2544
456 457 2545
455 456 2546
454 455 2547
453 454 2548
452 453 2549
451 452 2550
450 451 2551
449 450 2552
448 449 2553
447 448 2554
446 447 2555
445 446 2556
444 445 2557
443 444 2558
442 443 2559
441 442 2560
440 441 2561
439 440 2562
438 439 2563
437 438 2564
436 437 2565
435 436 2566
434 435 2567
433 434 2568
432 433 2569
431 432 2570
430 431 2571
429 430 2572
428 429 2573
427 428 2574
426 427 2575
425 426 2576
424 425 2577
423 424 2578
422 423 2579
421 422 2580
420 421 2581
419 420 2582
418 419 2583
417 418 2584
416 417 2585
415 416 2586
414 415 2587
413 414 2588
412 413 2589
411 412 2590
410 411 2591
409 410 2592
408 409 2593
407 408 2594
406 407 2595
405 406 2596
404 405 2597
403 404 2598
402 403 2599
401 402 2600
400 401 2601
399 400 2602
398 399 2603
397 398 2604
396 397 2605
395 396 2606
394 395 2607
393 394 2608
392 393 2609
391 392 2610
390 391 2611
389 390 2612
388 389 2613
387 388 2614
386 387 2615
385 386 2616
384 385 2617
383 384 2618
382 383 2619
381 382 2620
380 381 2621
379 380 2622
378 379 2623
377 378 2624
376 377 2625
375 376 2626
374 375 2627
373 374 2628
372 373 2629
371 372 2630
370 371 2631
369 370 2632
368 369 2633
367 368 2634
366 367 2635
365 366 2636
364 365 2637
363 364 2638
362 363 2639
361 362 2640
360 361 2641
359 360 2642
358 359 2643
357 358 2644
356 357 2645
355 356 2646
354 355 2647
353 354 2648
352 353 2649
351 352 2650
350 351 2651
349 350 2652
348 349 2653
347 348 2654
346 347 2655
345 346 2656
344 345 2657
343 344 2658
342 343 2659
341 342 2660
340 341 2661
339 340 2662
338 339 2663
337 338 2664
336 337 2665
335 336 2666
334 335 2667
333 334 2668
332 333 2669
331 332 2670
330 331 2671
329 330 2672
328 329 2673
327 328 2674
326 327 2675
325 326 2676
324 325 2677
323 324 2678
322 323 2679
321 322 2680
320 321 2681
319 320 2682
318 319 2683
317 318 2684
316 317 2685
315 316 2686
314 315 2687
313 314 2688
312 313 2689
311 312 2690
310 311 2691
309 310 2692
308 309 2693
307 308 2694
306 307 2695
305 306 2696
304 305 2697
303 304 2698
302 303 2699
301 302 2700
300 301 2701
299 300 2702
298 299 2703
297 298 2704
296 297 2705
295 296 2706
294 295 2707
293 294 2708
292 293 2709
291 292 2710
290 291 2711
289 290 2712
288 289 2713
287 288 2714
286 287 2715
285 286 2716
284 285 2717
283 284 2718
282 283 2719
281 282 2720
280 281 2721
279 280 2722
278 279 2723
277 278 2724
276 277 2725
275 276 2726
274 275 2727
273 274 2728
272 273 2729
271 272 2730
270 271 2731
269 270 2732
268 269 2733
267 268 2734
266 267 2735
265 266 2736
264 265 2737
263 264 2738
262 263 2739
261 262 2740
260 261 2741
259 260 2742
258 259 2743
257 258 2744
256 257 2745
255 256 2746
254 255 2747
253 254 2748
252 253 2749
251 252 2750
250 251 2751
249 250 2752
248 249 2753
247 248 2754
246 247 2755
245 246 2756
244 245 2757
243 244 2758
242 243 2759
241 242 2760
240 241 2761
239 240 2762
238 239 2763
237 238 2764
236 237 2765
235 236 2766
234 235 2767
233 234 2768
232 233 2769
231 232 2770
230 231 2771
229 230 2772
228 229 2773
227 228 2774
226 227 2775
225 226 2776
224 225 2777
223 224 2778
222 223 2779
221 222 2780
220 221 2781
219 220 2782
218 219 2783
217 218 2784
216 217 2785
215 216 2786
214 215 2787
213 214 2788
212 213 2789
211 212 2790
210 211 2791
209 210 2792
208 209 2793
207 208 2794
206 207 2795
205 206 2796
204 205 2797
203 204 2798
202 203 2799
201 202 2800
200 201 2801
199 200 2802
198 199 2803
197 198 2804
196 197 2805
195 196 2806
194 195 2807
193 194 2808
192 193 2809
191 192 2810
190 191 2811
189 190 2812
188 189 2813
187 188 2814
186 187 2815
185 186 2816
184 185 2817
183 184 2818
182 183 2819
181 182 2820
180 181 2821
179 180 2822
178 179 2823
177 178 2824
176 177 2825
175 176 2826
174 175 2827
173 174 2828
172 173 2829
171 172 2830
170 171 2831
169 170 2832
168 169 2833
167 168 2834
166 167 2835
165 166 2836
164 165 2837
163 164 2838
162 163 2839
161 162 2840
160 161 2841
159 160 2842
158 159 2843
157 158 2844
156 157 2845
155 156 2846
154 155 2847
153 154 2848
152 153 2849
151 152 2850
150 151 2851
149 150 2852
148 149 2853
147 148 2854
146 147 2855
145 146 2856
144 145 2857
143 144 2858
142 143 2859
141 142 2860
140 141 2861
139 140 2862
138 139 2863
137 138 2864
136 137 2865
135 136 2866
134 135 2867
133 134 2868
132 133 2869
131 132 2870
130 131 2871
129 130 2872
128 129 2873
127 128 2874
126 127 2875
125 126 2876
124 125 2877
123 124 2878
122 123 2879
121 122 2880
120 121 2881
119 120 2882
118 119 2883
117 118 2884
116 117 2885
115 116 2886
114 115 2887
113 114 2888
112 113 2889
111 112 2890
110 111 2891
109 110 2892
108 109 2893
107 108 2894
106 107 2895
105 106 2896
104 105 2897
103 104 2898
102 103 2899
101 102 2900
100 101 2901
99 100 2902
98 99 2903
97 98 2904
96 97 2905
95 96 2906
94 95 2907
93 94 2908
92 93 2909
91 92 2910
90 91 2911
89 90 2912
88 89 2913
87 88 2914
86 87 2915
85 86 2916
84 85 2917
83 84 2918
82 83 2919
81 82 2920
80 81 2921
79 80 2922
78 79 2923
77 78 2924
76 77 2925
75 76 2926
74 75 2927
73 74 2928
72 73 2929
71 72 2930
70 71 2931
69 70 2932
68 69 2933
67 68 2934
66 67 2935
65 66 2936
64 65 2937
63 64 2938
62 63 2939
61 62 2940
60 61 2941
59 60 2942
58 59 2943
57 58 2944
56 57 2945
55 56 2946
54 55 2947
53 54 2948
52 53 2949
51 52 2950
50 51 2951
49 50 2952
48 49 2953
47 48 2954
46 47 2955
45 46 2956
44 45 2957
43 44 2958
42 43 2959
41 42 2960
40 41 2961
39 40 2962
38 39 2963
37 38 2964
36 37 2965
35 36 2966
34 35 2967
33 34 2968
32 33 2969
31 32 2970
30 31 2971
29 30 2972
28 29 2973
27 28 2974
26 27 2975
25 26 2976
24 25 2977
23 24 2978
22 23 2979
21 22 2980
20 21 2981
19 20 2982
18 19 2983
17 18 2984
16 17 2985
15 16 2986
14 15 2987
13 14 2988
12 13 2989
11 12 2990
10 11 2991
9 10 2992
8 9 2993
7 8 2994
6 7 2995
5 6 2996
4 5 2997
3 4 2998
2 3 2999
1 2 3000
1