1
3000 3000
3000 1 3000
2999 3000 3000
2998 2999 3000
2997 2998 3000
2996 2997 3000
2995 2996 3000
2994 2995 3000
2993 2994 3000
2992 2993 3000
2991 2992 3000
2990 2991 3000
2989 2990 3000
2988 2989 3000
2987 2988 3000
2986 2987 3000
2985 2986 3000
2984 2985 3000
2983 2984 3000
2982 2983 3000
2981 2982 3000
2980 2981 3000
2979 2980 3000
2978 2979 3000
2977 2978 3000
2976 2977 3000
2975 2976 3000
2974 2975 3000
2973 2974 3000
2972 2973 3000
2971 2972 3000
2970 2971 3000
2969 2970 3000
2968 2969 3000
2967 2968 3000
2966 2967 3000
2965 2966 3000
2964 2965 3000
2963 2964 3000
2962 2963 3000
2961 2962 3000
2960 2961 3000
2959 2960 3000
2958 2959 3000
2957 2958 3000
2956 2957 3000
2955 2956 3000
2954 2955 3000
2953 2954 3000
2952 2953 3000
2951 2952 3000
2950 2951 3000
2949 2950 3000
2948 2949 3000
2947 2948 3000
2946 2947 3000
2945 2946 3000
2944 2945 3000
2943 2944 3000
2942 2943 3000
2941 2942 3000
2940 2941 3000
2939 2940 3000
2938 2939 3000
2937 2938 3000
2936 2937 3000
2935 2936 3000
2934 2935 3000
2933 2934 3000
2932 2933 3000
2931 2932 3000
2930 2931 3000
2929 2930 3000
2928 2929 3000
2927 2928 3000
2926 2927 3000
2925 2926 3000
2924 2925 3000
2923 2924 3000
2922 2923 3000
2921 2922 3000
2920 2921 3000
2919 2920 3000
2918 2919 3000
2917 2918 3000
2916 2917 3000
2915 2916 3000
2914 2915 3000
2913 2914 3000
2912 2913 3000
2911 2912 3000
2910 2911 3000
2909 2910 3000
2908 2909 3000
2907 2908 3000
2906 2907 3000
2905 2906 3000
2904 2905 3000
2903 2904 3000
2902 2903 3000
2901 2902 3000
2900 2901 3000
2899 2900 3000
2898 2899 3000
2897 2898 3000
2896 2897 3000
2895 2896 3000
2894 2895 3000
2893 2894 3000
2892 2893 3000
2891 2892 3000
2890 2891 3000
2889 2890 3000
2888 2889 3000
2887 2888 3000
2886 2887 3000
2885 2886 3000
2884 2885 3000
2883 2884 3000
2882 2883 3000
2881 2882 3000
2880 2881 3000
2879 2880 3000
2878 2879 3000
2877 2878 3000
2876 2877 3000
2875 2876 3000
2874 2875 3000
2873 2874 3000
2872 2873 3000
2871 2872 3000
2870 2871 3000
2869 2870 3000
2868 2869 3000
2867 2868 3000
2866 2867 3000
2865 2866 3000
2864 2865 3000
2863 2864 3000
2862 2863 3000
2861 2862 3000
2860 2861 3000
2859 2860 3000
2858 2859 3000
2857 2858 3000
2856 2857 3000
2855 2856 3000
2854 2855 3000
2853 2854 3000
2852 2853 3000
2851 2852 3000
2850 2851 3000
2849 2850 3000
2848 2849 3000
2847 2848 3000
2846 2847 3000
2845 2846 3000
2844 2845 3000
2843 2844 3000
2842 2843 3000
2841 2842 3000
2840 2841 3000
2839 2840 3000
2838 2839 3000
2837 2838 3000
2836 2837 3000
2835 2836 3000
2834 2835 3000
2833 2834 3000
2832 2833 3000
2831 2832 3000
2830 2831 3000
2829 2830 3000
2828 2829 3000
2827 2828 3000
2826 2827 3000
2825 2826 3000
2824 2825 3000
2823 2824 3000
2822 2823 3000
2821 2822 3000
2820 2821 3000
2819 2820 3000
2818 2819 3000
2817 2818 3000
2816 2817 3000
2815 2816 3000
2814 2815 3000
2813 2814 3000
2812 2813 3000
2811 2812 3000
2810 2811 3000
2809 2810 3000
2808 2809 3000
2807 2808 3000
2806 2807 3000
2805 2806 3000
2804 2805 3000
2803 2804 3000
2802 2803 3000
2801 2802 3000
2800 2801 3000
2799 2800 3000
2798 2799 3000
2797 2798 3000
2796 2797 3000
2795 2796 3000
2794 2795 3000
2793 2794 3000
2792 2793 3000
2791 2792 3000
2790 2791 3000
2789 2790 3000
2788 2789 3000
2787 2788 3000
2786 2787 3000
2785 2786 3000
2784 2785 3000
2783 2784 3000
2782 2783 3000
2781 2782 3000
2780 2781 3000
2779 2780 3000
2778 2779 3000
2777 2778 3000
2776 2777 3000
2775 2776 3000
2774 2775 3000
2773 2774 3000
2772 2773 3000
2771 2772 3000
2770 2771 3000
2769 2770 3000
2768 2769 3000
2767 2768 3000
2766 2767 3000
2765 2766 3000
2764 2765 3000
2763 2764 3000
2762 2763 3000
2761 2762 3000
2760 2761 3000
2759 2760 3000
2758 2759 3000
2757 2758 3000
2756 2757 3000
2755 2756 3000
2754 2755 3000
2753 2754 3000
2752 2753 3000
2751 2752 3000
2750 2751 3000
2749 2750 3000
2748 2749 3000
2747 2748 3000
2746 2747 3000
2745 2746 3000
2744 2745 3000
2743 2744 3000
2742 2743 3000
2741 2742 3000
2740 2741 3000
2739 2740 3000
2738 2739 3000
2737 2738 3000
2736 2737 3000
2735 2736 3000
2734 2735 3000
2733 2734 3000
2732 2733 3000
2731 2732 3000
2730 2731 3000
2729 2730 3000
2728 2729 3000
2727 2728 3000
2726 2727 3000
2725 2726 3000
2724 2725 3000
2723 2724 3000
2722 2723 3000
2721 2722 3000
2720 2721 3000
2719 2720 3000
2718 2719 3000
2717 2718 3000
2716 2717 3000
2715 2716 3000
2714 2715 3000
2713 2714 3000
2712 2713 3000
2711 2712 3000
2710 2711 3000
2709 2710 3000
2708 2709 3000
2707 2708 3000
2706 2707 3000
2705 2706 3000
2704 2705 3000
2703 2704 3000
2702 2703 3000
2701 2702 3000
2700 2701 3000
2699 2700 3000
2698 2699 3000
2697 2698 3000
2696 2697 3000
2695 2696 3000
2694 2695 3000
2693 2694 3000
2692 2693 3000
2691 2692 3000
2690 2691 3000
2689 2690 3000
2688 2689 3000
2687 2688 3000
2686 2687 3000
2685 2686 3000
2684 2685 3000
2683 2684 3000
2682 2683 3000
2681 2682 3000
2680 2681 3000
2679 2680 3000
2678 2679 3000
2677 2678 3000
2676 2677 3000
2675 2676 3000
2674 2675 3000
2673 2674 3000
2672 2673 3000
2671 2672 3000
2670 2671 3000
2669 2670 3000
2668 2669 3000
2667 2668 3000
2666 2667 3000
2665 2666 3000
2664 2665 3000
2663 2664 3000
2662 2663 3000
2661 2662 3000
2660 2661 3000
2659 2660 3000
2658 2659 3000
2657 2658 3000
2656 2657 3000
2655 2656 3000
2654 2655 3000
2653 2654 3000
2652 2653 3000
2651 2652 3000
2650 2651 3000
2649 2650 3000
2648 2649 3000
2647 2648 3000
2646 2647 3000
2645 2646 3000
2644 2645 3000
2643 2644 3000
2642 2643 3000
2641 2642 3000
2640 2641 3000
2639 2640 3000
2638 2639 3000
2637 2638 3000
2636 2637 3000
2635 2636 3000
2634 2635 3000
2633 2634 3000
2632 2633 3000
2631 2632 3000
2630 2631 3000
2629 2630 3000
2628 2629 3000
2627 2628 3000
2626 2627 3000
2625 2626 3000
2624 2625 3000
2623 2624 3000
2622 2623 3000
2621 2622 3000
2620 2621 3000
2619 2620 3000
2618 2619 3000
2617 2618 3000
2616 2617 3000
2615 2616 3000
2614 2615 3000
2613 2614 3000
2612 2613 3000
2611 2612 3000
2610 2611 3000
2609 2610 3000
2608 2609 3000
2607 2608 3000
2606 2607 3000
2605 2606 3000
2604 2605 3000
2603 2604 3000
2602 2603 3000
2601 2602 3000
2600 2601 3000
2599 2600 3000
2598 2599 3000
2597 2598 3000
2596 2597 3000
2595 2596 3000
2594 2595 3000
2593 2594 3000
2592 2593 3000
2591 2592 3000
2590 2591 3000
2589 2590 3000
2588 2589 3000
2587 2588 3000
2586 2587 3000
2585 2586 3000
2584 2585 3000
2583 2584 3000
2582 2583 3000
2581 2582 3000
2580 2581 3000
2579 2580 3000
2578 2579 3000
2577 2578 3000
2576 2577 3000
2575 2576 3000
2574 2575 3000
2573 2574 3000
2572 2573 3000
2571 2572 3000
2570 2571 3000
2569 2570 3000
2568 2569 3000
2567 2568 3000
2566 2567 3000
2565 2566 3000
2564 2565 3000
2563 2564 3000
2562 2563 3000
2561 2562 3000
2560 2561 3000
2559 2560 3000
2558 2559 3000
2557 2558 3000
2556 2557 3000
2555 2556 3000
2554 2555 3000
2553 2554 3000
2552 2553 3000
2551 2552 3000
2550 2551 3000
2549 2550 3000
2548 2549 3000
2547 2548 3000
2546 2547 3000
2545 2546 3000
2544 2545 3000
2543 2544 3000
2542 2543 3000
2541 2542 3000
2540 2541 3000
2539 2540 3000
2538 2539 3000
2537 2538 3000
2536 2537 3000
2535 2536 3000
2534 2535 3000
2533 2534 3000
2532 2533 3000
2531 2532 3000
2530 2531 3000
2529 2530 3000
2528 2529 3000
2527 2528 3000
2526 2527 3000
2525 2526 3000
2524 2525 3000
2523 2524 3000
2522 2523 3000
2521 2522 3000
2520 2521 3000
2519 2520 3000
2518 2519 3000
2517 2518 3000
2516 2517 3000
2515 2516 3000
2514 2515 3000
2513 2514 3000
2512 2513 3000
2511 2512 3000
2510 2511 3000
2509 2510 3000
2508 2509 3000
2507 2508 3000
2506 2507 3000
2505 2506 3000
2504 2505 3000
2503 2504 3000
2502 2503 3000
2501 2502 3000
2500 2501 3000
2499 2500 3000
2498 2499 3000
2497 2498 3000
2496 2497 3000
2495 2496 3000
2494 2495 3000
2493 2494 3000
2492 2493 3000
2491 2492 3000
2490 2491 3000
2489 2490 3000
2488 2489 3000
2487 2488 3000
2486 2487 3000
2485 2486 3000
2484 2485 3000
2483 2484 3000
2482 2483 3000
2481 2482 3000
2480 2481 3000
2479 2480 3000
2478 2479 3000
2477 2478 3000
2476 2477 3000
2475 2476 3000
2474 2475 3000
2473 2474 3000
2472 2473 3000
2471 2472 3000
2470 2471 3000
2469 2470 3000
2468 2469 3000
2467 2468 3000
2466 2467 3000
2465 2466 3000
2464 2465 3000
2463 2464 3000
2462 2463 3000
2461 2462 3000
2460 2461 3000
2459 2460 3000
2458 2459 3000
2457 2458 3000
2456 2457 3000
2455 2456 3000
2454 2455 3000
2453 2454 3000
2452 2453 3000
2451 2452 3000
2450 2451 3000
2449 2450 3000
2448 2449 3000
2447 2448 3000
2446 2447 3000
2445 2446 3000
2444 2445 3000
2443 2444 3000
2442 2443 3000
2441 2442 3000
2440 2441 3000
2439 2440 3000
2438 2439 3000
2437 2438 3000
2436 2437 3000
2435 2436 3000
2434 2435 3000
2433 2434 3000
2432 2433 3000
2431 2432 3000
2430 2431 3000
2429 2430 3000
2428 2429 3000
2427 2428 3000
2426 2427 3000
2425 2426 3000
2424 2425 3000
2423 2424 3000
2422 2423 3000
2421 2422 3000
2420 2421 3000
2419 2420 3000
2418 2419 3000
2417 2418 3000
2416 2417 3000
2415 2416 3000
2414 2415 3000
2413 2414 3000
2412 2413 3000
2411 2412 3000
2410 2411 3000
2409 2410 3000
2408 2409 3000
2407 2408 3000
2406 2407 3000
2405 2406 3000
2404 2405 3000
2403 2404 3000
2402 2403 3000
2401 2402 3000
2400 2401 3000
2399 2400 3000
2398 2399 3000
2397 2398 3000
2396 2397 3000
2395 2396 3000
2394 2395 3000
2393 2394 3000
2392 2393 3000
2391 2392 3000
2390 2391 3000
2389 2390 3000
2388 2389 3000
2387 2388 3000
2386 2387 3000
2385 2386 3000
2384 2385 3000
2383 2384 3000
2382 2383 3000
2381 2382 3000
2380 2381 3000
2379 2380 3000
2378 2379 3000
2377 2378 3000
2376 2377 3000
2375 2376 3000
2374 2375 3000
2373 2374 3000
2372 2373 3000
2371 2372 3000
2370 2371 3000
2369 2370 3000
2368 2369 3000
2367 2368 3000
2366 2367 3000
2365 2366 3000
2364 2365 3000
2363 2364 3000
2362 2363 3000
2361 2362 3000
2360 2361 3000
2359 2360 3000
2358 2359 3000
2357 2358 3000
2356 2357 3000
2355 2356 3000
2354 2355 3000
2353 2354 3000
2352 2353 3000
2351 2352 3000
2350 2351 3000
2349 2350 3000
2348 2349 3000
2347 2348 3000
2346 2347 3000
2345 2346 3000
2344 2345 3000
2343 2344 3000
2342 2343 3000
2341 2342 3000
2340 2341 3000
2339 2340 3000
2338 2339 3000
2337 2338 3000
2336 2337 3000
2335 2336 3000
2334 2335 3000
2333 2334 3000
2332 2333 3000
2331 2332 3000
2330 2331 3000
2329 2330 3000
2328 2329 3000
2327 2328 3000
2326 2327 3000
2325 2326 3000
2324 2325 3000
2323 2324 3000
2322 2323 3000
2321 2322 3000
2320 2321 3000
2319 2320 3000
2318 2319 3000
2317 2318 3000
2316 2317 3000
2315 2316 3000
2314 2315 3000
2313 2314 3000
2312 2313 3000
2311 2312 3000
2310 2311 3000
2309 2310 3000
2308 2309 3000
2307 2308 3000
2306 2307 3000
2305 2306 3000
2304 2305 3000
2303 2304 3000
2302 2303 3000
2301 2302 3000
2300 2301 3000
2299 2300 3000
2298 2299 3000
2297 2298 3000
2296 2297 3000
2295 2296 3000
2294 2295 3000
2293 2294 3000
2292 2293 3000
2291 2292 3000
2290 2291 3000
2289 2290 3000
2288 2289 3000
2287 2288 3000
2286 2287 3000
2285 2286 3000
2284 2285 3000
2283 2284 3000
2282 2283 3000
2281 2282 3000
2280 2281 3000
2279 2280 3000
2278 2279 3000
2277 2278 3000
2276 2277 3000
2275 2276 3000
2274 2275 3000
2273 2274 3000
2272 2273 3000
2271 2272 3000
2270 2271 3000
2269 2270 3000
2268 2269 3000
2267 2268 3000
2266 2267 3000
2265 2266 3000
2264 2265 3000
2263 2264 3000
2262 2263 3000
2261 2262 3000
2260 2261 3000
2259 2260 3000
2258 2259 3000
2257 2258 3000
2256 2257 3000
2255 2256 3000
2254 2255 3000
2253 2254 3000
2252 2253 3000
2251 2252 3000
2250 2251 3000
2249 2250 3000
2248 2249 3000
2247 2248 3000
2246 2247 3000
2245 2246 3000
2244 2245 3000
2243 2244 3000
2242 2243 3000
2241 2242 3000
2240 2241 3000
2239 2240 3000
2238 2239 3000
2237 2238 3000
2236 2237 3000
2235 2236 3000
2234 2235 3000
2233 2234 3000
2232 2233 3000
2231 2232 3000
2230 2231 3000
2229 2230 3000
2228 2229 3000
2227 2228 3000
2226 2227 3000
2225 2226 3000
2224 2225 3000
2223 2224 3000
2222 2223 3000
2221 2222 3000
2220 2221 3000
2219 2220 3000
2218 2219 3000
2217 2218 3000
2216 2217 3000
2215 2216 3000
2214 2215 3000
2213 2214 3000
2212 2213 3000
2211 2212 3000
2210 2211 3000
2209 2210 3000
2208 2209 3000
2207 2208 3000
2206 2207 3000
2205 2206 3000
2204 2205 3000
2203 2204 3000
2202 2203 3000
2201 2202 3000
2200 2201 3000
2199 2200 3000
2198 2199 3000
2197 2198 3000
2196 2197 3000
2195 2196 3000
2194 2195 3000
2193 2194 3000
2192 2193 3000
2191 2192 3000
2190 2191 3000
2189 2190 3000
2188 2189 3000
2187 2188 3000
2186 2187 3000
2185 2186 3000
2184 2185 3000
2183 2184 3000
2182 2183 3000
2181 2182 3000
2180 2181 3000
2179 2180 3000
2178 2179 3000
2177 2178 3000
2176 2177 3000
2175 2176 3000
2174 2175 3000
2173 2174 3000
2172 2173 3000
2171 2172 3000
2170 2171 3000
2169 2170 3000
2168 2169 3000
2167 2168 3000
2166 2167 3000
2165 2166 3000
2164 2165 3000
2163 2164 3000
2162 2163 3000
2161 2162 3000
2160 2161 3000
2159 2160 3000
2158 2159 3000
2157 2158 3000
2156 2157 3000
2155 2156 3000
2154 2155 3000
2153 2154 3000
2152 2153 3000
2151 2152 3000
2150 2151 3000
2149 2150 3000
2148 2149 3000
2147 2148 3000
2146 2147 3000
2145 2146 3000
2144 2145 3000
2143 2144 3000
2142 2143 3000
2141 2142 3000
2140 2141 3000
2139 2140 3000
2138 2139 3000
2137 2138 3000
2136 2137 3000
2135 2136 3000
2134 2135 3000
2133 2134 3000
2132 2133 3000
2131 2132 3000
2130 2131 3000
2129 2130 3000
2128 2129 3000
2127 2128 3000
2126 2127 3000
2125 2126 3000
2124 2125 3000
2123 2124 3000
2122 2123 3000
2121 2122 3000
2120 2121 3000
2119 2120 3000
2118 2119 3000
2117 2118 3000
2116 2117 3000
2115 2116 3000
2114 2115 3000
2113 2114 3000
2112 2113 3000
2111 2112 3000
2110 2111 3000
2109 2110 3000
2108 2109 3000
2107 2108 3000
2106 2107 3000
2105 2106 3000
2104 2105 3000
2103 2104 3000
2102 2103 3000
2101 2102 3000
2100 2101 3000
2099 2100 3000
2098 2099 3000
2097 2098 3000
2096 2097 3000
2095 2096 3000
2094 2095 3000
2093 2094 3000
2092 2093 3000
2091 2092 3000
2090 2091 3000
2089 2090 3000
2088 2089 3000
2087 2088 3000
2086 2087 3000
2085 2086 3000
2084 2085 3000
2083 2084 3000
2082 2083 3000
2081 2082 3000
2080 2081 3000
2079 2080 3000
2078 2079 3000
2077 2078 3000
2076 2077 3000
2075 2076 3000
2074 2075 3000
2073 2074 3000
2072 2073 3000
2071 2072 3000
2070 2071 3000
2069 2070 3000
2068 2069 3000
2067 2068 3000
2066 2067 3000
2065 2066 3000
2064 2065 3000
2063 2064 3000
2062 2063 3000
2061 2062 3000
2060 2061 3000
2059 2060 3000
2058 2059 3000
2057 2058 3000
2056 2057 3000
2055 2056 3000
2054 2055 3000
2053 2054 3000
2052 2053 3000
2051 2052 3000
2050 2051 3000
2049 2050 3000
2048 2049 3000
2047 2048 3000
2046 2047 3000
2045 2046 3000
2044 2045 3000
2043 2044 3000
2042 2043 3000
2041 2042 3000
2040 2041 3000
2039 2040 3000
2038 2039 3000
2037 2038 3000
2036 2037 3000
2035 2036 3000
2034 2035 3000
2033 2034 3000
2032 2033 3000
2031 2032 3000
2030 2031 3000
2029 2030 3000
2028 2029 3000
2027 2028 3000
2026 2027 3000
2025 2026 3000
2024 2025 3000
2023 2024 3000
2022 2023 3000
2021 2022 3000
2020 2021 3000
2019 2020 3000
2018 2019 3000
2017 2018 3000
2016 2017 3000
2015 2016 3000
2014 2015 3000
2013 2014 3000
2012 2013 3000
2011 2012 3000
2010 2011 3000
2009 2010 3000
2008 2009 3000
2007 2008 3000
2006 2007 3000
2005 2006 3000
2004 2005 3000
2003 2004 3000
2002 2003 3000
2001 2002 3000
2000 2001 3000
1999 2000 3000
1998 1999 3000
1997 1998 3000
1996 1997 3000
1995 1996 3000
1994 1995 3000
1993 1994 3000
1992 1993 3000
1991 1992 3000
1990 1991 3000
1989 1990 3000
1988 1989 3000
1987 1988 3000
1986 1987 3000
1985 1986 3000
1984 1985 3000
1983 1984 3000
1982 1983 3000
1981 1982 3000
1980 1981 3000
1979 1980 3000
1978 1979 3000
1977 1978 3000
1976 1977 3000
1975 1976 3000
1974 1975 3000
1973 1974 3000
1972 1973 3000
1971 1972 3000
1970 1971 3000
1969 1970 3000
1968 1969 3000
1967 1968 3000
1966 1967 3000
1965 1966 3000
1964 1965 3000
1963 1964 3000
1962 1963 3000
1961 1962 3000
1960 1961 3000
1959 1960 3000
1958 1959 3000
1957 1958 3000
1956 1957 3000
1955 1956 3000
1954 1955 3000
1953 1954 3000
1952 1953 3000
1951 1952 3000
1950 1951 3000
1949 1950 3000
1948 1949 3000
1947 1948 3000
1946 1947 3000
1945 1946 3000
1944 1945 3000
1943 1944 3000
1942 1943 3000
1941 1942 3000
1940 1941 3000
1939 1940 3000
1938 1939 3000
1937 1938 3000
1936 1937 3000
1935 1936 3000
1934 1935 3000
1933 1934 3000
1932 1933 3000
1931 1932 3000
1930 1931 3000
1929 1930 3000
1928 1929 3000
1927 1928 3000
1926 1927 3000
1925 1926 3000
1924 1925 3000
1923 1924 3000
1922 1923 3000
1921 1922 3000
1920 1921 3000
1919 1920 3000
1918 1919 3000
1917 1918 3000
1916 1917 3000
1915 1916 3000
1914 1915 3000
1913 1914 3000
1912 1913 3000
1911 1912 3000
1910 1911 3000
1909 1910 3000
1908 1909 3000
1907 1908 3000
1906 1907 3000
1905 1906 3000
1904 1905 3000
1903 1904 3000
1902 1903 3000
1901 1902 3000
1900 1901 3000
1899 1900 3000
1898 1899 3000
1897 1898 3000
1896 1897 3000
1895 1896 3000
1894 1895 3000
1893 1894 3000
1892 1893 3000
1891 1892 3000
1890 1891 3000
1889 1890 3000
1888 1889 3000
1887 1888 3000
1886 1887 3000
1885 1886 3000
1884 1885 3000
1883 1884 3000
1882 1883 3000
1881 1882 3000
1880 1881 3000
1879 1880 3000
1878 1879 3000
1877 1878 3000
1876 1877 3000
1875 1876 3000
1874 1875 3000
1873 1874 3000
1872 1873 3000
1871 1872 3000
1870 1871 3000
1869 1870 3000
1868 1869 3000
1867 1868 3000
1866 1867 3000
1865 1866 3000
1864 1865 3000
1863 1864 3000
1862 1863 3000
1861 1862 3000
1860 1861 3000
1859 1860 3000
1858 1859 3000
1857 1858 3000
1856 1857 3000
1855 1856 3000
1854 1855 3000
1853 1854 3000
1852 1853 3000
1851 1852 3000
1850 1851 3000
1849 1850 3000
1848 1849 3000
1847 1848 3000
1846 1847 3000
1845 1846 3000
1844 1845 3000
1843 1844 3000
1842 1843 3000
1841 1842 3000
1840 1841 3000
1839 1840 3000
1838 1839 3000
1837 1838 3000
1836 1837 3000
1835 1836 3000
1834 1835 3000
1833 1834 3000
1832 1833 3000
1831 1832 3000
1830 1831 3000
1829 1830 3000
1828 1829 3000
1827 1828 3000
1826 1827 3000
1825 1826 3000
1824 1825 3000
1823 1824 3000
1822 1823 3000
1821 1822 3000
1820 1821 3000
1819 1820 3000
1818 1819 3000
1817 1818 3000
1816 1817 3000
1815 1816 3000
1814 1815 3000
1813 1814 3000
1812 1813 3000
1811 1812 3000
1810 1811 3000
1809 1810 3000
1808 1809 3000
1807 1808 3000
1806 1807 3000
1805 1806 3000
1804 1805 3000
1803 1804 3000
1802 1803 3000
1801 1802 3000
1800 1801 3000
1799 1800 3000
1798 1799 3000
1797 1798 3000
1796 1797 3000
1795 1796 3000
1794 1795 3000
1793 1794 3000
1792 1793 3000
1791 1792 3000
1790 1791 3000
1789 1790 3000
1788 1789 3000
1787 1788 3000
1786 1787 3000
1785 1786 3000
1784 1785 3000
1783 1784 3000
1782 1783 3000
1781 1782 3000
1780 1781 3000
1779 1780 3000
1778 1779 3000
1777 1778 3000
1776 1777 3000
1775 1776 3000
1774 1775 3000
1773 1774 3000
1772 1773 3000
1771 1772 3000
1770 1771 3000
1769 1770 3000
1768 1769 3000
1767 1768 3000
1766 1767 3000
1765 1766 3000
1764 1765 3000
1763 1764 3000
1762 1763 3000
1761 1762 3000
1760 1761 3000
1759 1760 3000
1758 1759 3000
1757 1758 3000
1756 1757 3000
1755 1756 3000
1754 1755 3000
1753 1754 3000
1752 1753 3000
1751 1752 3000
1750 1751 3000
1749 1750 3000
1748 1749 3000
1747 1748 3000
1746 1747 3000
1745 1746 3000
1744 1745 3000
1743 1744 3000
1742 1743 3000
1741 1742 3000
1740 1741 3000
1739 1740 3000
1738 1739 3000
1737 1738 3000
1736 1737 3000
1735 1736 3000
1734 1735 3000
1733 1734 3000
1732 1733 3000
1731 1732 3000
1730 1731 3000
1729 1730 3000
1728 1729 3000
1727 1728 3000
1726 1727 3000
1725 1726 3000
1724 1725 3000
1723 1724 3000
1722 1723 3000
1721 1722 3000
1720 1721 3000
1719 1720 3000
1718 1719 3000
1717 1718 3000
1716 1717 3000
1715 1716 3000
1714 1715 3000
1713 1714 3000
1712 1713 3000
1711 1712 3000
1710 1711 3000
1709 1710 3000
1708 1709 3000
1707 1708 3000
1706 1707 3000
1705 1706 3000
1704 1705 3000
1703 1704 3000
1702 1703 3000
1701 1702 3000
1700 1701 3000
1699 1700 3000
1698 1699 3000
1697 1698 3000
1696 1697 3000
1695 1696 3000
1694 1695 3000
1693 1694 3000
1692 1693 3000
1691 1692 3000
1690 1691 3000
1689 1690 3000
1688 1689 3000
1687 1688 3000
1686 1687 3000
1685 1686 3000
1684 1685 3000
1683 1684 3000
1682 1683 3000
1681 1682 3000
1680 1681 3000
1679 1680 3000
1678 1679 3000
1677 1678 3000
1676 1677 3000
1675 1676 3000
1674 1675 3000
1673 1674 3000
1672 1673 3000
1671 1672 3000
1670 1671 3000
1669 1670 3000
1668 1669 3000
1667 1668 3000
1666 1667 3000
1665 1666 3000
1664 1665 3000
1663 1664 3000
1662 1663 3000
1661 1662 3000
1660 1661 3000
1659 1660 3000
1658 1659 3000
1657 1658 3000
1656 1657 3000
1655 1656 3000
1654 1655 3000
1653 1654 3000
1652 1653 3000
1651 1652 3000
1650 1651 3000
1649 1650 3000
1648 1649 3000
1647 1648 3000
1646 1647 3000
1645 1646 3000
1644 1645 3000
1643 1644 3000
1642 1643 3000
1641 1642 3000
1640 1641 3000
1639 1640 3000
1638 1639 3000
1637 1638 3000
1636 1637 3000
1635 1636 3000
1634 1635 3000
1633 1634 3000
1632 1633 3000
1631 1632 3000
1630 1631 3000
1629 1630 3000
1628 1629 3000
1627 1628 3000
1626 1627 3000
1625 1626 3000
1624 1625 3000
1623 1624 3000
1622 1623 3000
1621 1622 3000
1620 1621 3000
1619 1620 3000
1618 1619 3000
1617 1618 3000
1616 1617 3000
1615 1616 3000
1614 1615 3000
1613 1614 3000
1612 1613 3000
1611 1612 3000
1610 1611 3000
1609 1610 3000
1608 1609 3000
1607 1608 3000
1606 1607 3000
1605 1606 3000
1604 1605 3000
1603 1604 3000
1602 1603 3000
1601 1602 3000
1600 1601 3000
1599 1600 3000
1598 1599 3000
1597 1598 3000
1596 1597 3000
1595 1596 3000
1594 1595 3000
1593 1594 3000
1592 1593 3000
1591 1592 3000
1590 1591 3000
1589 1590 3000
1588 1589 3000
1587 1588 3000
1586 1587 3000
1585 1586 3000
1584 1585 3000
1583 1584 3000
1582 1583 3000
1581 1582 3000
1580 1581 3000
1579 1580 3000
1578 1579 3000
1577 1578 3000
1576 1577 3000
1575 1576 3000
1574 1575 3000
1573 1574 3000
1572 1573 3000
1571 1572 3000
1570 1571 3000
1569 1570 3000
1568 1569 3000
1567 1568 3000
1566 1567 3000
1565 1566 3000
1564 1565 3000
1563 1564 3000
1562 1563 3000
1561 1562 3000
1560 1561 3000
1559 1560 3000
1558 1559 3000
1557 1558 3000
1556 1557 3000
1555 1556 3000
1554 1555 3000
1553 1554 3000
1552 1553 3000
1551 1552 3000
1550 1551 3000
1549 1550 3000
1548 1549 3000
1547 1548 3000
1546 1547 3000
1545 1546 3000
1544 1545 3000
1543 1544 3000
1542 1543 3000
1541 1542 3000
1540 1541 3000
1539 1540 3000
1538 1539 3000
1537 1538 3000
1536 1537 3000
1535 1536 3000
1534 1535 3000
1533 1534 3000
1532 1533 3000
1531 1532 3000
1530 1531 3000
1529 1530 3000
1528 1529 3000
1527 1528 3000
1526 1527 3000
1525 1526 3000
1524 1525 3000
1523 1524 3000
1522 1523 3000
1521 1522 3000
1520 1521 3000
1519 1520 3000
1518 1519 3000
1517 1518 3000
1516 1517 3000
1515 1516 3000
1514 1515 3000
1513 1514 3000
1512 1513 3000
1511 1512 3000
1510 1511 3000
1509 1510 3000
1508 1509 3000
1507 1508 3000
1506 1507 3000
1505 1506 3000
1504 1505 3000
1503 1504 3000
1502 1503 3000
1501 1502 3000
1500 1501 3000
1499 1500 3000
1498 1499 3000
1497 1498 3000
1496 1497 3000
1495 1496 3000
1494 1495 3000
1493 1494 3000
1492 1493 3000
1491 1492 3000
1490 1491 3000
1489 1490 3000
1488 1489 3000
1487 1488 3000
1486 1487 3000
1485 1486 3000
1484 1485 3000
1483 1484 3000
1482 1483 3000
1481 1482 3000
1480 1481 3000
1479 1480 3000
1478 1479 3000
1477 1478 3000
1476 1477 3000
1475 1476 3000
1474 1475 3000
1473 1474 3000
1472 1473 3000
1471 1472 3000
1470 1471 3000
1469 1470 3000
1468 1469 3000
1467 1468 3000
1466 1467 3000
1465 1466 3000
1464 1465 3000
1463 1464 3000
1462 1463 3000
1461 1462 3000
1460 1461 3000
1459 1460 3000
1458 1459 3000
1457 1458 3000
1456 1457 3000
1455 1456 3000
1454 1455 3000
1453 1454 3000
1452 1453 3000
1451 1452 3000
1450 1451 3000
1449 1450 3000
1448 1449 3000
1447 1448 3000
1446 1447 3000
1445 1446 3000
1444 1445 3000
1443 1444 3000
1442 1443 3000
1441 1442 3000
1440 1441 3000
1439 1440 3000
1438 1439 3000
1437 1438 3000
1436 1437 3000
1435 1436 3000
1434 1435 3000
1433 1434 3000
1432 1433 3000
1431 1432 3000
1430 1431 3000
1429 1430 3000
1428 1429 3000
1427 1428 3000
1426 1427 3000
1425 1426 3000
1424 1425 3000
1423 1424 3000
1422 1423 3000
1421 1422 3000
1420 1421 3000
1419 1420 3000
1418 1419 3000
1417 1418 3000
1416 1417 3000
1415 1416 3000
1414 1415 3000
1413 1414 3000
1412 1413 3000
1411 1412 3000
1410 1411 3000
1409 1410 3000
1408 1409 3000
1407 1408 3000
1406 1407 3000
1405 1406 3000
1404 1405 3000
1403 1404 3000
1402 1403 3000
1401 1402 3000
1400 1401 3000
1399 1400 3000
1398 1399 3000
1397 1398 3000
1396 1397 3000
1395 1396 3000
1394 1395 3000
1393 1394 3000
1392 1393 3000
1391 1392 3000
1390 1391 3000
1389 1390 3000
1388 1389 3000
1387 1388 3000
1386 1387 3000
1385 1386 3000
1384 1385 3000
1383 1384 3000
1382 1383 3000
1381 1382 3000
1380 1381 3000
1379 1380 3000
1378 1379 3000
1377 1378 3000
1376 1377 3000
1375 1376 3000
1374 1375 3000
1373 1374 3000
1372 1373 3000
1371 1372 3000
1370 1371 3000
1369 1370 3000
1368 1369 3000
1367 1368 3000
1366 1367 3000
1365 1366 3000
1364 1365 3000
1363 1364 3000
1362 1363 3000
1361 1362 3000
1360 1361 3000
1359 1360 3000
1358 1359 3000
1357 1358 3000
1356 1357 3000
1355 1356 3000
1354 1355 3000
1353 1354 3000
1352 1353 3000
1351 1352 3000
1350 1351 3000
1349 1350 3000
1348 1349 3000
1347 1348 3000
1346 1347 3000
1345 1346 3000
1344 1345 3000
1343 1344 3000
1342 1343 3000
1341 1342 3000
1340 1341 3000
1339 1340 3000
1338 1339 3000
1337 1338 3000
1336 1337 3000
1335 1336 3000
1334 1335 3000
1333 1334 3000
1332 1333 3000
1331 1332 3000
1330 1331 3000
1329 1330 3000
1328 1329 3000
1327 1328 3000
1326 1327 3000
1325 1326 3000
1324 1325 3000
1323 1324 3000
1322 1323 3000
1321 1322 3000
1320 1321 3000
1319 1320 3000
1318 1319 3000
1317 1318 3000
1316 1317 3000
1315 1316 3000
1314 1315 3000
1313 1314 3000
1312 1313 3000
1311 1312 3000
1310 1311 3000
1309 1310 3000
1308 1309 3000
1307 1308 3000
1306 1307 3000
1305 1306 3000
1304 1305 3000
1303 1304 3000
1302 1303 3000
1301 1302 3000
1300 1301 3000
1299 1300 3000
1298 1299 3000
1297 1298 3000
1296 1297 3000
1295 1296 3000
1294 1295 3000
1293 1294 3000
1292 1293 3000
1291 1292 3000
1290 1291 3000
1289 1290 3000
1288 1289 3000
1287 1288 3000
1286 1287 3000
1285 1286 3000
1284 1285 3000
1283 1284 3000
1282 1283 3000
1281 1282 3000
1280 1281 3000
1279 1280 3000
1278 1279 3000
1277 1278 3000
1276 1277 3000
1275 1276 3000
1274 1275 3000
1273 1274 3000
1272 1273 3000
1271 1272 3000
1270 1271 3000
1269 1270 3000
1268 1269 3000
1267 1268 3000
1266 1267 3000
1265 1266 3000
1264 1265 3000
1263 1264 3000
1262 1263 3000
1261 1262 3000
1260 1261 3000
1259 1260 3000
1258 1259 3000
1257 1258 3000
1256 1257 3000
1255 1256 3000
1254 1255 3000
1253 1254 3000
1252 1253 3000
1251 1252 3000
1250 1251 3000
1249 1250 3000
1248 1249 3000
1247 1248 3000
1246 1247 3000
1245 1246 3000
1244 1245 3000
1243 1244 3000
1242 1243 3000
1241 1242 3000
1240 1241 3000
1239 1240 3000
1238 1239 3000
1237 1238 3000
1236 1237 3000
1235 1236 3000
1234 1235 3000
1233 1234 3000
1232 1233 3000
1231 1232 3000
1230 1231 3000
1229 1230 3000
1228 1229 3000
1227 1228 3000
1226 1227 3000
1225 1226 3000
1224 1225 3000
1223 1224 3000
1222 1223 3000
1221 1222 3000
1220 1221 3000
1219 1220 3000
1218 1219 3000
1217 1218 3000
1216 1217 3000
1215 1216 3000
1214 1215 3000
1213 1214 3000
1212 1213 3000
1211 1212 3000
1210 1211 3000
1209 1210 3000
1208 1209 3000
1207 1208 3000
1206 1207 3000
1205 1206 3000
1204 1205 3000
1203 1204 3000
1202 1203 3000
1201 1202 3000
1200 1201 3000
1199 1200 3000
1198 1199 3000
1197 1198 3000
1196 1197 3000
1195 1196 3000
1194 1195 3000
1193 1194 3000
1192 1193 3000
1191 1192 3000
1190 1191 3000
1189 1190 3000
1188 1189 3000
1187 1188 3000
1186 1187 3000
1185 1186 3000
1184 1185 3000
1183 1184 3000
1182 1183 3000
1181 1182 3000
1180 1181 3000
1179 1180 3000
1178 1179 3000
1177 1178 3000
1176 1177 3000
1175 1176 3000
1174 1175 3000
1173 1174 3000
1172 1173 3000
1171 1172 3000
1170 1171 3000
1169 1170 3000
1168 1169 3000
1167 1168 3000
1166 1167 3000
1165 1166 3000
1164 1165 3000
1163 1164 3000
1162 1163 3000
1161 1162 3000
1160 1161 3000
1159 1160 3000
1158 1159 3000
1157 1158 3000
1156 1157 3000
1155 1156 3000
1154 1155 3000
1153 1154 3000
1152 1153 3000
1151 1152 3000
1150 1151 3000
1149 1150 3000
1148 1149 3000
1147 1148 3000
1146 1147 3000
1145 1146 3000
1144 1145 3000
1143 1144 3000
1142 1143 3000
1141 1142 3000
1140 1141 3000
1139 1140 3000
1138 1139 3000
1137 1138 3000
1136 1137 3000
1135 1136 3000
1134 1135 3000
1133 1134 3000
1132 1133 3000
1131 1132 3000
1130 1131 3000
1129 1130 3000
1128 1129 3000
1127 1128 3000
1126 1127 3000
1125 1126 3000
1124 1125 3000
1123 1124 3000
1122 1123 3000
1121 1122 3000
1120 1121 3000
1119 1120 3000
1118 1119 3000
1117 1118 3000
1116 1117 3000
1115 1116 3000
1114 1115 3000
1113 1114 3000
1112 1113 3000
1111 1112 3000
1110 1111 3000
1109 1110 3000
1108 1109 3000
1107 1108 3000
1106 1107 3000
1105 1106 3000
1104 1105 3000
1103 1104 3000
1102 1103 3000
1101 1102 3000
1100 1101 3000
1099 1100 3000
1098 1099 3000
1097 1098 3000
1096 1097 3000
1095 1096 3000
1094 1095 3000
1093 1094 3000
1092 1093 3000
1091 1092 3000
1090 1091 3000
1089 1090 3000
1088 1089 3000
1087 1088 3000
1086 1087 3000
1085 1086 3000
1084 1085 3000
1083 1084 3000
1082 1083 3000
1081 1082 3000
1080 1081 3000
1079 1080 3000
1078 1079 3000
1077 1078 3000
1076 1077 3000
1075 1076 3000
1074 1075 3000
1073 1074 3000
1072 1073 3000
1071 1072 3000
1070 1071 3000
1069 1070 3000
1068 1069 3000
1067 1068 3000
1066 1067 3000
1065 1066 3000
1064 1065 3000
1063 1064 3000
1062 1063 3000
1061 1062 3000
1060 1061 3000
1059 1060 3000
1058 1059 3000
1057 1058 3000
1056 1057 3000
1055 1056 3000
1054 1055 3000
1053 1054 3000
1052 1053 3000
1051 1052 3000
1050 1051 3000
1049 1050 3000
1048 1049 3000
1047 1048 3000
1046 1047 3000
1045 1046 3000
1044 1045 3000
1043 1044 3000
1042 1043 3000
1041 1042 3000
1040 1041 3000
1039 1040 3000
1038 1039 3000
1037 1038 3000
1036 1037 3000
1035 1036 3000
1034 1035 3000
1033 1034 3000
1032 1033 3000
1031 1032 3000
1030 1031 3000
1029 1030 3000
1028 1029 3000
1027 1028 3000
1026 1027 3000
1025 1026 3000
1024 1025 3000
1023 1024 3000
1022 1023 3000
1021 1022 3000
1020 1021 3000
1019 1020 3000
1018 1019 3000
1017 1018 3000
1016 1017 3000
1015 1016 3000
1014 1015 3000
1013 1014 3000
1012 1013 3000
1011 1012 3000
1010 1011 3000
1009 1010 3000
1008 1009 3000
1007 1008 3000
1006 1007 3000
1005 1006 3000
1004 1005 3000
1003 1004 3000
1002 1003 3000
1001 1002 3000
1000 1001 3000
999 1000 3000
998 999 3000
997 998 3000
996 997 3000
995 996 3000
994 995 3000
993 994 3000
992 993 3000
991 992 3000
990 991 3000
989 990 3000
988 989 3000
987 988 3000
986 987 3000
985 986 3000
984 985 3000
983 984 3000
982 983 3000
981 982 3000
980 981 3000
979 980 3000
978 979 3000
977 978 3000
976 977 3000
975 976 3000
974 975 3000
973 974 3000
972 973 3000
971 972 3000
970 971 3000
969 970 3000
968 969 3000
967 968 3000
966 967 3000
965 966 3000
964 965 3000
963 964 3000
962 963 3000
961 962 3000
960 961 3000
959 960 3000
958 959 3000
957 958 3000
956 957 3000
955 956 3000
954 955 3000
953 954 3000
952 953 3000
951 952 3000
950 951 3000
949 950 3000
948 949 3000
947 948 3000
946 947 3000
945 946 3000
944 945 3000
943 944 3000
942 943 3000
941 942 3000
940 941 3000
939 940 3000
938 939 3000
937 938 3000
936 937 3000
935 936 3000
934 935 3000
933 934 3000
932 933 3000
931 932 3000
930 931 3000
929 930 3000
928 929 3000
927 928 3000
926 927 3000
925 926 3000
924 925 3000
923 924 3000
922 923 3000
921 922 3000
920 921 3000
919 920 3000
918 919 3000
917 918 3000
916 917 3000
915 916 3000
914 915 3000
913 914 3000
912 913 3000
911 912 3000
910 911 3000
909 910 3000
908 909 3000
907 908 3000
906 907 3000
905 906 3000
904 905 3000
903 904 3000
902 903 3000
901 902 3000
900 901 3000
899 900 3000
898 899 3000
897 898 3000
896 897 3000
895 896 3000
894 895 3000
893 894 3000
892 893 3000
891 892 3000
890 891 3000
889 890 3000
888 889 3000
887 888 3000
886 887 3000
885 886 3000
884 885 3000
883 884 3000
882 883 3000
881 882 3000
880 881 3000
879 880 3000
878 879 3000
877 878 3000
876 877 3000
875 876 3000
874 875 3000
873 874 3000
872 873 3000
871 872 3000
870 871 3000
869 870 3000
868 869 3000
867 868 3000
866 867 3000
865 866 3000
864 865 3000
863 864 3000
862 863 3000
861 862 3000
860 861 3000
859 860 3000
858 859 3000
857 858 3000
856 857 3000
855 856 3000
854 855 3000
853 854 3000
852 853 3000
851 852 3000
850 851 3000
849 850 3000
848 849 3000
847 848 3000
846 847 3000
845 846 3000
844 845 3000
843 844 3000
842 843 3000
841 842 3000
840 841 3000
839 840 3000
838 839 3000
837 838 3000
836 837 3000
835 836 3000
834 835 3000
833 834 3000
832 833 3000
831 832 3000
830 831 3000
829 830 3000
828 829 3000
827 828 3000
826 827 3000
825 826 3000
824 825 3000
823 824 3000
822 823 3000
821 822 3000
820 821 3000
819 820 3000
818 819 3000
817 818 3000
816 817 3000
815 816 3000
814 815 3000
813 814 3000
812 813 3000
811 812 3000
810 811 3000
809 810 3000
808 809 3000
807 808 3000
806 807 3000
805 806 3000
804 805 3000
803 804 3000
802 803 3000
801 802 3000
800 801 3000
799 800 3000
798 799 3000
797 798 3000
796 797 3000
795 796 3000
794 795 3000
793 794 3000
792 793 3000
791 792 3000
790 791 3000
789 790 3000
788 789 3000
787 788 3000
786 787 3000
785 786 3000
784 785 3000
783 784 3000
782 783 3000
781 782 3000
780 781 3000
779 780 3000
778 779 3000
777 778 3000
776 777 3000
775 776 3000
774 775 3000
773 774 3000
772 773 3000
771 772 3000
770 771 3000
769 770 3000
768 769 3000
767 768 3000
766 767 3000
765 766 3000
764 765 3000
763 764 3000
762 763 3000
761 762 3000
760 761 3000
759 760 3000
758 759 3000
757 758 3000
756 757 3000
755 756 3000
754 755 3000
753 754 3000
752 753 3000
751 752 3000
750 751 3000
749 750 3000
748 749 3000
747 748 3000
746 747 3000
745 746 3000
744 745 3000
743 744 3000
742 743 3000
741 742 3000
740 741 3000
739 740 3000
738 739 3000
737 738 3000
736 737 3000
735 736 3000
734 735 3000
733 734 3000
732 733 3000
731 732 3000
730 731 3000
729 730 3000
728 729 3000
727 728 3000
726 727 3000
725 726 3000
724 725 3000
723 724 3000
722 723 3000
721 722 3000
720 721 3000
719 720 3000
718 719 3000
717 718 3000
716 717 3000
715 716 3000
714 715 3000
713 714 3000
712 713 3000
711 712 3000
710 711 3000
709 710 3000
708 709 3000
707 708 3000
706 707 3000
705 706 3000
704 705 3000
703 704 3000
702 703 3000
701 702 3000
700 701 3000
699 700 3000
698 699 3000
697 698 3000
696 697 3000
695 696 3000
694 695 3000
693 694 3000
692 693 3000
691 692 3000
690 691 3000
689 690 3000
688 689 3000
687 688 3000
686 687 3000
685 686 3000
684 685 3000
683 684 3000
682 683 3000
681 682 3000
680 681 3000
679 680 3000
678 679 3000
677 678 3000
676 677 3000
675 676 3000
674 675 3000
673 674 3000
672 673 3000
671 672 3000
670 671 3000
669 670 3000
668 669 3000
667 668 3000
666 667 3000
665 666 3000
664 665 3000
663 664 3000
662 663 3000
661 662 3000
660 661 3000
659 660 3000
658 659 3000
657 658 3000
656 657 3000
655 656 3000
654 655 3000
653 654 3000
652 653 3000
651 652 3000
650 651 3000
649 650 3000
648 649 3000
647 648 3000
646 647 3000
645 646 3000
644 645 3000
643 644 3000
642 643 3000
641 642 3000
640 641 3000
639 640 3000
638 639 3000
637 638 3000
636 637 3000
635 636 3000
634 635 3000
633 634 3000
632 633 3000
631 632 3000
630 631 3000
629 630 3000
628 629 3000
627 628 3000
626 627 3000
625 626 3000
624 625 3000
623 624 3000
622 623 3000
621 622 3000
620 621 3000
619 620 3000
618 619 3000
617 618 3000
616 617 3000
615 616 3000
614 615 3000
613 614 3000
612 613 3000
611 612 3000
610 611 3000
609 610 3000
608 609 3000
607 608 3000
606 607 3000
605 606 3000
604 605 3000
603 604 3000
602 603 3000
601 602 3000
600 601 3000
599 600 3000
598 599 3000
597 598 3000
596 597 3000
595 596 3000
594 595 3000
593 594 3000
592 593 3000
591 592 3000
590 591 3000
589 590 3000
588 589 3000
587 588 3000
586 587 3000
585 586 3000
584 585 3000
583 584 3000
582 583 3000
581 582 3000
580 581 3000
579 580 3000
578 579 3000
577 578 3000
576 577 3000
575 576 3000
574 575 3000
573 574 3000
572 573 3000
571 572 3000
570 571 3000
569 570 3000
568 569 3000
567 568 3000
566 567 3000
565 566 3000
564 565 3000
563 564 3000
562 563 3000
561 562 3000
560 561 3000
559 560 3000
558 559 3000
557 558 3000
556 557 3000
555 556 3000
554 555 3000
553 554 3000
552 553 3000
551 552 3000
550 551 3000
549 550 3000
548 549 3000
547 548 3000
546 547 3000
545 546 3000
544 545 3000
543 544 3000
542 543 3000
541 542 3000
540 541 3000
539 540 3000
538 539 3000
537 538 3000
536 537 3000
535 536 3000
534 535 3000
533 534 3000
532 533 3000
531 532 3000
530 531 3000
529 530 3000
528 529 3000
527 528 3000
526 527 3000
525 526 3000
524 525 3000
523 524 3000
522 523 3000
521 522 3000
520 521 3000
519 520 3000
518 519 3000
517 518 3000
516 517 3000
515 516 3000
514 515 3000
513 514 3000
512 513 3000
511 512 3000
510 511 3000
509 510 3000
508 509 3000
507 508 3000
506 507 3000
505 506 3000
504 505 3000
503 504 3000
502 503 3000
501 502 3000
500 501 3000
499 500 3000
498 499 3000
497 498 3000
496 497 3000
495 496 3000
494 495 3000
493 494 3000
492 493 3000
491 492 3000
490 491 3000
489 490 3000
488 489 3000
487 488 3000
486 487 3000
485 486 3000
484 485 3000
483 484 3000
482 483 3000
481 482 3000
480 481 3000
479 480 3000
478 479 3000
477 478 3000
476 477 3000
475 476 3000
474 475 3000
473 474 3000
472 473 3000
471 472 3000
470 471 3000
469 470 3000
468 469 3000
467 468 3000
466 467 3000
465 466 3000
464 465 3000
463 464 3000
462 463 3000
461 462 3000
460 461 3000
459 460 3000
458 459 3000
457 458 3000
456 457 3000
455 456 3000
454 455 3000
453 454 3000
452 453 3000
451 452 3000
450 451 3000
449 450 3000
448 449 3000
447 448 3000
446 447 3000
445 446 3000
444 445 3000
443 444 3000
442 443 3000
441 442 3000
440 441 3000
439 440 3000
438 439 3000
437 438 3000
436 437 3000
435 436 3000
434 435 3000
433 434 3000
432 433 3000
431 432 3000
430 431 3000
429 430 3000
428 429 3000
427 428 3000
426 427 3000
425 426 3000
424 425 3000
423 424 3000
422 423 3000
421 422 3000
420 421 3000
419 420 3000
418 419 3000
417 418 3000
416 417 3000
415 416 3000
414 415 3000
413 414 3000
412 413 3000
411 412 3000
410 411 3000
409 410 3000
408 409 3000
407 408 3000
406 407 3000
405 406 3000
404 405 3000
403 404 3000
402 403 3000
401 402 3000
400 401 3000
399 400 3000
398 399 3000
397 398 3000
396 397 3000
395 396 3000
394 395 3000
393 394 3000
392 393 3000
391 392 3000
390 391 3000
389 390 3000
388 389 3000
387 388 3000
386 387 3000
385 386 3000
384 385 3000
383 384 3000
382 383 3000
381 382 3000
380 381 3000
379 380 3000
378 379 3000
377 378 3000
376 377 3000
375 376 3000
374 375 3000
373 374 3000
372 373 3000
371 372 3000
370 371 3000
369 370 3000
368 369 3000
367 368 3000
366 367 3000
365 366 3000
364 365 3000
363 364 3000
362 363 3000
361 362 3000
360 361 3000
359 360 3000
358 359 3000
357 358 3000
356 357 3000
355 356 3000
354 355 3000
353 354 3000
352 353 3000
351 352 3000
350 351 3000
349 350 3000
348 349 3000
347 348 3000
346 347 3000
345 346 3000
344 345 3000
343 344 3000
342 343 3000
341 342 3000
340 341 3000
339 340 3000
338 339 3000
337 338 3000
336 337 3000
335 336 3000
334 335 3000
333 334 3000
332 333 3000
331 332 3000
330 331 3000
329 330 3000
328 329 3000
327 328 3000
326 327 3000
325 326 3000
324 325 3000
323 324 3000
322 323 3000
321 322 3000
320 321 3000
319 320 3000
318 319 3000
317 318 3000
316 317 3000
315 316 3000
314 315 3000
313 314 3000
312 313 3000
311 312 3000
310 311 3000
309 310 3000
308 309 3000
307 308 3000
306 307 3000
305 306 3000
304 305 3000
303 304 3000
302 303 3000
301 302 3000
300 301 3000
299 300 3000
298 299 3000
297 298 3000
296 297 3000
295 296 3000
294 295 3000
293 294 3000
292 293 3000
291 292 3000
290 291 3000
289 290 3000
288 289 3000
287 288 3000
286 287 3000
285 286 3000
284 285 3000
283 284 3000
282 283 3000
281 282 3000
280 281 3000
279 280 3000
278 279 3000
277 278 3000
276 277 3000
275 276 3000
274 275 3000
273 274 3000
272 273 3000
271 272 3000
270 271 3000
269 270 3000
268 269 3000
267 268 3000
266 267 3000
265 266 3000
264 265 3000
263 264 3000
262 263 3000
261 262 3000
260 261 3000
259 260 3000
258 259 3000
257 258 3000
256 257 3000
255 256 3000
254 255 3000
253 254 3000
252 253 3000
251 252 3000
250 251 3000
249 250 3000
248 249 3000
247 248 3000
246 247 3000
245 246 3000
244 245 3000
243 244 3000
242 243 3000
241 242 3000
240 241 3000
239 240 3000
238 239 3000
237 238 3000
236 237 3000
235 236 3000
234 235 3000
233 234 3000
232 233 3000
231 232 3000
230 231 3000
229 230 3000
228 229 3000
227 228 3000
226 227 3000
225 226 3000
224 225 3000
223 224 3000
222 223 3000
221 222 3000
220 221 3000
219 220 3000
218 219 3000
217 218 3000
216 217 3000
215 216 3000
214 215 3000
213 214 3000
212 213 3000
211 212 3000
210 211 3000
209 210 3000
208 209 3000
207 208 3000
206 207 3000
205 206 3000
204 205 3000
203 204 3000
202 203 3000
201 202 3000
200 201 3000
199 200 3000
198 199 3000
197 198 3000
196 197 3000
195 196 3000
194 195 3000
193 194 3000
192 193 3000
191 192 3000
190 191 3000
189 190 3000
188 189 3000
187 188 3000
186 187 3000
185 186 3000
184 185 3000
183 184 3000
182 183 3000
181 182 3000
180 181 3000
179 180 3000
178 179 3000
177 178 3000
176 177 3000
175 176 3000
174 175 3000
173 174 3000
172 173 3000
171 172 3000
170 171 3000
169 170 3000
168 169 3000
167 168 3000
166 167 3000
165 166 3000
164 165 3000
163 164 3000
162 163 3000
161 162 3000
160 161 3000
159 160 3000
158 159 3000
157 158 3000
156 157 3000
155 156 3000
154 155 3000
153 154 3000
152 153 3000
151 152 3000
150 151 3000
149 150 3000
148 149 3000
147 148 3000
146 147 3000
145 146 3000
144 145 3000
143 144 3000
142 143 3000
141 142 3000
140 141 3000
139 140 3000
138 139 3000
137 138 3000
136 137 3000
135 136 3000
134 135 3000
133 134 3000
132 133 3000
131 132 3000
130 131 3000
129 130 3000
128 129 3000
127 128 3000
126 127 3000
125 126 3000
124 125 3000
123 124 3000
122 123 3000
121 122 3000
120 121 3000
119 120 3000
118 119 3000
117 118 3000
116 117 3000
115 116 3000
114 115 3000
113 114 3000
112 113 3000
111 112 3000
110 111 3000
109 110 3000
108 109 3000
107 108 3000
106 107 3000
105 106 3000
104 105 3000
103 104 3000
102 103 3000
101 102 3000
100 101 3000
99 100 3000
98 99 3000
97 98 3000
96 97 3000
95 96 3000
94 95 3000
93 94 3000
92 93 3000
91 92 3000
90 91 3000
89 90 3000
88 89 3000
87 88 3000
86 87 3000
85 86 3000
84 85 3000
83 84 3000
82 83 3000
81 82 3000
80 81 3000
79 80 3000
78 79 3000
77 78 3000
76 77 3000
75 76 3000
74 75 3000
73 74 3000
72 73 3000
71 72 3000
70 71 3000
69 70 3000
68 69 3000
67 68 3000
66 67 3000
65 66 3000
64 65 3000
63 64 3000
62 63 3000
61 62 3000
60 61 3000
59 60 3000
58 59 3000
57 58 3000
56 57 3000
55 56 3000
54 55 3000
53 54 3000
52 53 3000
51 52 3000
50 51 3000
49 50 3000
48 49 3000
47 48 3000
46 47 3000
45 46 3000
44 45 3000
43 44 3000
42 43 3000
41 42 3000
40 41 3000
39 40 3000
38 39 3000
37 38 3000
36 37 3000
35 36 3000
34 35 3000
33 34 3000
32 33 3000
31 32 3000
30 31 3000
29 30 3000
28 29 3000
27 28 3000
26 27 3000
25 26 3000
24 25 3000
23 24 3000
22 23 3000
21 22 3000
20 21 3000
19 20 3000
18 19 3000
17 18 3000
16 17 3000
15 16 3000
14 15 3000
13 14 3000
12 13 3000
11 12 3000
10 11 3000
9 10 3000
8 9 3000
7 8 3000
6 7 3000
5 6 3000
4 5 3000
3 4 3000
2 3 3000
1 2 3000
3000